181
0.000000 25.446123 82.999107 99.430603 206.107620 183.717499 122.670654 134.151276 170.234436 150.065399 139.175217 147.439270 239.052414 195.832993 155.794159 177.569962 238.114212 264.447632 199.640030 275.474487 209.444290 178.426773 145.701431 173.742538 185.270325 132.539795 402.175659 173.973083 145.306107 133.666885 189.066864 117.061905 184.654480 282.337036 154.102585 207.584625 271.036987 170.529678 132.685364 193.013306 174.148972 174.115417 200.881058 162.972763 160.661346 251.560974 325.612732 315.520081 335.075623 158.795944 218.248413 246.182724 272.769287 322.227325 229.745865 363.784058 348.891815 264.686432 322.514191 303.292908 299.512115 251.021927 479.339600 258.415497 316.250793 372.247162 299.653900 260.159790 247.513672 322.524109 261.737000 309.384583 354.512512 281.909332 397.872803 197.540405 303.335419 311.557404 235.322021 275.409454 369.513855 370.492035 347.311646 347.349274 210.567886 259.759155 310.686584 357.201996 315.395355 251.048965 221.735352 248.331100 254.774826 295.960297 233.743912 424.010193 377.837738 236.860992 593.325500 443.178497 230.670792 396.409088 223.090240 169.871277 161.815353 232.489532 321.755066 159.517975 160.914291 160.953445 148.654739 288.665070 328.986450 270.591736 369.855164 161.691513 172.295319 268.444061 196.136612 268.804657 406.211090 392.118134 242.922974 281.051270 328.532410 218.276566 271.910492 198.239334 239.349701 269.220703 376.129211 227.240845 256.906097 256.142334 274.022949 325.739563 280.068817 313.394135 350.792572 278.830963 316.155090 374.730957 308.118500 227.959015 245.213943 341.952728 276.416138 361.178589 215.411453 301.679688 281.740997 356.028717 185.714508 288.688171 337.707367 321.591583 262.427673 218.665131 322.921631 336.082367 382.530487 437.772125 295.546234 276.261078 303.925018 269.102936 534.039551 208.096741 277.516541 260.866608 290.177887 293.400574 196.827286 283.804596 367.624817 355.018829 353.947083 277.640747 201.031372 303.492737 428.657867 
25.446123 0.000000 20.194813 41.682812 88.115257 85.847466 68.903725 76.435501 115.088951 108.154747 119.976532 118.802917 130.153473 145.711441 112.353279 105.775047 138.687210 141.607025 110.616241 172.801788 165.317154 180.840500 145.779312 154.409927 167.813507 143.427460 297.208618 144.346313 319.568268 197.682877 196.491653 138.945419 199.785080 174.454254 149.412292 157.745087 205.609924 125.755524 145.695801 167.151886 148.867111 181.701843 202.596756 164.291489 161.106598 183.812866 207.155792 309.048676 261.925293 357.149780 224.320648 192.604614 256.845062 256.942932 187.864471 313.639984 318.656006 244.076569 420.263000 322.518585 286.113129 252.500076 422.936005 298.329315 348.957031 251.013351 319.979065 316.566193 271.026306 351.201233 241.458649 311.089233 292.408600 365.231750 452.442505 247.595596 213.918518 267.146027 274.729034 200.352051 403.479675 457.754608 270.555084 313.044891 224.338226 275.892365 347.908264 338.882080 262.878601 244.271729 233.043884 247.381500 203.219177 289.521149 287.704254 426.237579 254.542877 420.889709 497.007690 319.938171 191.194809 295.290192 310.723175 186.431519 193.783920 187.854446 307.928741 185.141022 198.296661 214.557343 168.889069 393.436523 309.839478 279.869873 350.544891 198.073303 209.553665 441.855042 409.238037 289.829376 336.984497 303.988403 246.610214 286.090118 259.719574 315.462769 351.115692 242.023758 229.743835 384.818542 461.617371 354.084930 273.790771 234.245605 297.398651 277.563385 500.301971 296.244446 348.343567 250.338501 266.438995 267.391205 269.788208 286.308228 235.236053 248.984406 240.874557 276.677765 162.080414 377.103027 262.959961 303.055450 222.154709 276.577545 272.212463 404.230652 245.628494 196.006516 321.555542 379.724579 337.222351 299.753845 594.677856 364.741821 301.265533 415.269318 408.064636 233.435486 246.294525 273.378510 272.896973 226.973419 215.512726 261.877930 316.844818 338.077850 254.016785 344.034119 225.117493 258.369446 258.848419 
82.999107 20.194813 0.000000 31.035032 51.053787 56.949181 78.665405 73.335068 97.598686 124.502388 141.107773 132.374268 130.572815 119.527039 161.956360 152.085464 115.454376 99.795937 116.402855 171.966629 202.541061 219.207687 235.297211 197.957382 238.118057 277.823486 269.103119 333.079681 327.717804 203.061722 327.778046 161.019165 255.638046 189.611511 171.105408 202.533295 184.465500 185.482971 183.835922 178.921967 228.600906 262.073090 233.452637 235.491852 193.066208 229.824234 228.064697 350.708618 278.944183 432.769348 272.247681 228.722137 278.646027 325.707031 455.280731 368.098267 387.344025 353.425659 364.238983 407.900757 389.810303 243.237488 481.906128 431.036041 389.514832 375.396240 332.916687 322.454132 315.322327 387.323608 362.905182 382.385315 310.110413 371.283722 565.594849 250.771545 361.401520 335.011993 385.406219 507.229797 341.378845 482.613892 306.248322 401.168213 415.676392 391.480347 457.569824 372.512848 484.671539 321.150452 294.828857 301.036163 313.732849 302.757538 301.880035 453.108643 457.852417 367.451965 533.807129 530.507202 271.051575 416.384125 316.644928 241.301895 274.362152 221.170181 312.189331 268.756592 285.159363 191.023270 250.294144 295.717865 310.323395 377.282166 269.003845 256.403992 260.850494 0.000000 385.953644 367.581757 430.174164 437.770508 304.845764 333.360321 426.042542 555.346008 474.085938 328.134308 240.401810 428.227051 522.239685 486.992065 345.853027 335.588531 414.115295 419.089752 397.042358 341.959351 389.407684 397.666565 398.292236 497.132385 361.610291 381.051147 345.106720 297.115112 328.283020 359.747223 224.137192 364.283997 308.822479 303.745300 308.466370 338.736786 369.119751 379.871857 269.028748 268.838684 375.269318 362.327301 466.591583 319.586548 457.211578 358.780365 365.455017 372.571259 457.403503 301.236969 273.699249 340.448944 309.660522 395.539490 284.362061 369.134216 466.353790 397.038483 367.221741 465.549805 268.083374 378.182495 450.307892 
99.430603 41.682812 31.035032 0.000000 16.255228 28.515608 60.006809 74.361023 91.401497 105.964569 140.930801 124.447266 138.450699 129.139862 135.908707 164.554016 139.131653 166.394608 141.140823 151.076340 177.021744 205.174881 194.940903 223.392014 185.981201 243.774628 248.442154 202.767807 224.333374 342.280609 260.565582 164.038742 180.701584 167.957321 170.264481 154.594467 191.683701 205.481293 214.389587 190.168213 193.907990 242.191055 213.604904 230.918335 169.526215 223.104782 261.366974 410.691254 334.942200 231.307083 268.196136 232.213501 252.495819 298.769012 250.717300 487.790741 376.481995 522.698425 334.225922 284.820465 283.957092 332.797913 506.411224 336.933533 342.299561 363.244568 288.736786 304.643951 376.751984 426.584198 316.090088 269.411865 408.162018 455.751129 437.275513 403.063202 367.055603 303.106049 403.348602 0.000000 582.379700 388.539825 326.345367 449.109039 287.574707 355.784912 377.580811 484.825073 320.666351 530.469055 320.159393 290.501129 294.071472 268.658447 397.340149 414.272552 594.677856 357.072327 496.068665 494.003784 300.825409 344.390015 287.153931 253.397324 435.397614 202.296570 389.419250 238.318542 291.075592 277.790771 281.274872 348.477814 304.841034 320.902649 418.934906 278.843170 395.340698 286.542816 440.007843 358.275604 594.677856 407.318970 278.864899 298.033051 292.566956 340.677002 350.049194 294.999023 369.833649 369.110626 368.751251 450.235504 284.571960 318.852966 356.463501 349.824036 424.205627 435.572906 388.141785 354.682983 342.713867 431.542480 409.780060 379.943604 374.308685 519.718018 393.620789 273.759613 350.367126 402.982666 313.192444 546.371765 378.072784 357.420044 371.062897 437.642273 310.090393 314.102753 436.337799 426.121765 403.089661 388.294067 594.677856 474.037018 424.290314 492.689240 594.677856 362.866760 357.094299 289.851196 413.280396 317.188568 380.223358 429.858917 544.722351 382.141083 594.677856 373.320709 295.907288 357.473602 386.246674 
206.107620 88.115257 51.053787 16.255228 0.000000 27.610540 69.925911 89.147606 71.955421 123.472305 178.948364 138.751328 122.746216 107.685875 213.221817 162.360077 102.181374 117.494843 201.303833 153.260986 229.023926 249.973175 215.384674 245.171616 257.430817 212.134933 594.677856 424.326569 517.179810 372.544434 274.636841 257.441772 284.098022 158.280243 241.883972 228.156113 141.523605 191.739838 264.684509 201.060516 219.423203 267.466827 247.868774 261.632263 273.904449 273.111572 211.362320 223.975830 249.336273 337.669312 286.773987 333.411896 266.324677 263.163544 381.093781 575.755005 347.256195 301.299683 288.438629 264.750763 373.359375 385.347565 467.108063 262.676178 363.910095 314.334564 343.407043 449.697723 366.631561 357.606323 327.245239 297.850067 408.885254 455.678650 458.368744 293.035217 448.480835 452.968323 385.456543 270.952057 479.298981 413.102814 435.375824 401.194702 457.576355 346.807373 405.081757 347.747955 355.250610 359.136475 594.677856 327.216522 271.640808 280.780487 311.204346 564.962646 472.615051 318.897552 438.147247 393.248047 343.039856 409.790527 484.645020 351.666138 277.725342 279.953247 278.844971 281.167358 282.387695 273.283447 347.734131 291.570221 320.578491 389.622223 309.680328 270.828125 328.429413 420.199585 301.400452 433.621826 387.940582 513.310120 346.222473 397.150574 386.707184 426.754578 304.998077 370.781097 331.316284 414.635223 341.190063 358.917572 541.166931 346.302917 351.524445 397.206940 573.095398 397.778473 419.231750 316.650543 378.038330 444.694519 390.751129 442.498932 417.217773 594.677856 364.185883 506.897125 309.134064 410.004608 334.002441 430.120941 433.417358 350.179016 366.831146 301.088989 307.331573 368.244995 346.583740 354.671204 317.624390 424.833405 332.027832 561.856628 402.213684 314.088440 429.725983 427.534821 355.297516 304.217590 340.874146 319.420319 357.916626 380.509125 404.036011 472.556213 401.037079 400.295258 555.851196 435.918365 369.525848 
183.717499 85.847466 56.949181 28.515608 27.610540 0.000000 24.846537 57.825722 54.926735 109.954491 142.754166 123.996460 102.774879 112.306847 217.931229 179.308823 97.866913 109.364807 159.335403 154.683609 191.906906 270.474182 281.920349 280.683075 255.032379 305.850037 261.606506 262.297302 184.544769 266.092194 263.153748 213.679214 176.464493 147.710266 218.898132 196.564362 137.540985 224.889084 236.075470 141.830261 246.440125 244.705551 215.411118 269.675507 264.903503 240.102386 208.382004 243.468307 254.256790 337.025665 286.329590 201.492401 253.431183 385.306000 307.091766 328.433868 295.827484 418.165100 276.307831 324.544891 439.941315 329.059448 383.904114 297.162567 345.141968 346.035278 314.055542 362.836304 359.238159 363.495392 316.006866 362.189606 313.100891 351.735168 537.473450 254.403870 395.160278 413.661682 397.641693 316.951324 523.346130 550.244080 316.187134 404.295685 287.039093 385.400085 470.007172 489.476257 353.219635 373.457794 343.568146 337.621918 280.515564 283.818848 307.870941 266.269287 378.746521 594.677856 594.677856 404.900208 428.642120 354.004974 458.123169 310.238525 236.093323 294.810333 300.520081 258.620453 515.126770 349.621704 253.579575 275.030121 489.301300 310.124054 336.911804 372.800507 335.561798 594.677856 301.501160 337.132629 516.696716 364.617218 338.775116 307.234253 374.481873 367.386200 338.495056 270.932159 327.803192 297.262299 343.676147 418.208160 388.834991 335.242828 351.983154 495.073547 458.688263 448.907471 388.653290 322.745300 393.030701 362.029327 341.491425 367.987061 407.827271 358.987000 472.917877 310.152191 180.118240 467.415283 293.168365 370.056702 508.898315 386.827423 334.735352 368.895782 453.237000 315.936157 449.672455 429.835358 370.745575 487.781097 370.756165 553.764832 316.259216 477.696930 361.859650 485.210358 513.455750 315.712341 314.300049 371.168030 342.394623 341.398743 452.300079 408.519318 594.677856 436.109406 316.972748 354.517944 379.008148 
122.670654 68.903725 78.665405 60.006809 69.925911 24.846537 0.000000 12.826244 35.919373 71.244728 105.428734 91.426506 128.401001 114.791954 126.196945 122.847137 120.586647 188.636536 125.667763 146.868439 161.582764 144.389679 177.336151 186.702652 195.655853 181.573196 389.423035 446.224915 0.000000 336.241547 291.972046 159.298141 198.426224 164.134628 163.724747 145.996964 184.455307 175.897171 202.384827 175.510818 160.074081 184.600021 189.463211 199.527985 165.821426 260.516693 212.111572 353.175415 353.157806 173.759796 225.276474 227.325562 227.986389 334.502106 290.662659 342.528473 562.209473 367.372284 372.595367 377.324127 284.236481 356.367340 350.071991 288.532959 366.489197 341.344727 423.608307 259.827789 338.739014 371.924011 368.914093 262.553833 281.848755 373.573303 594.677856 178.427856 274.952423 297.587097 279.345947 594.677856 327.583923 358.094482 538.884033 455.796448 335.521820 382.723297 531.054565 373.515198 312.074036 268.713745 249.826904 262.071838 268.143433 303.200592 326.669922 344.207062 594.677856 266.898895 594.677856 340.468964 231.533768 393.763824 340.665344 219.255905 247.719574 249.312836 330.485291 183.850845 224.491852 222.987289 242.067978 280.070068 339.589630 259.167419 397.152802 222.986084 276.674988 242.953964 195.928314 302.575745 388.451630 527.358643 263.941223 262.872101 423.326477 316.144684 316.106964 248.508453 271.563141 397.346832 344.133698 262.825623 277.713470 335.029175 270.965088 317.079315 378.772308 438.668762 430.437042 295.235413 398.188171 393.743378 338.157593 348.251556 218.293625 271.729095 308.008148 404.016113 209.963745 567.905884 238.227768 350.300415 181.153931 219.043396 274.470154 325.420319 254.497986 241.073349 382.051453 378.318573 311.724426 394.722382 558.415527 345.388733 433.292389 323.266693 433.050476 494.941193 293.011353 260.317566 340.527832 306.461121 273.372314 361.806824 433.503876 406.934845 415.868530 346.868103 264.497589 310.319672 311.944916 
134.151276 76.435501 73.335068 74.361023 89.147606 57.825722 12.826244 0.000000 19.859720 51.796635 96.417328 76.182487 86.923141 124.658333 98.645935 154.660553 141.557449 116.199875 95.115868 145.637833 175.274414 163.871384 154.325073 182.187347 134.660370 161.945541 270.990326 244.507843 299.175262 454.119629 194.584076 190.173737 139.228210 167.424042 147.809799 150.077606 131.705200 155.085861 194.818619 190.080643 142.535553 146.544922 151.027008 163.103058 153.903839 191.239380 227.784866 323.710571 226.892548 244.290573 225.312714 245.445496 236.723633 594.677856 318.250854 296.467712 355.081146 232.327301 242.778748 438.006836 238.397095 208.179733 276.128265 353.964844 498.842010 321.381256 201.846817 289.110718 284.060547 412.830963 258.529510 263.691803 291.158997 403.879272 594.677856 281.057037 227.886032 279.233643 277.819214 0.000000 594.677856 352.725128 286.673889 367.099030 179.106995 295.451385 261.926880 419.944427 343.539429 253.788712 307.052490 270.824219 228.677658 337.277344 282.113037 369.991333 324.796509 325.850861 311.204956 268.620819 165.820114 236.000687 414.164398 187.650574 173.321320 0.000000 265.754425 195.727112 291.999298 301.870697 330.333130 335.761536 246.107178 345.105560 366.160370 218.455887 257.557465 298.152802 337.897491 391.540253 594.677856 442.877899 369.190918 264.837952 325.488129 277.687408 303.342834 279.654999 246.268707 250.980682 276.094879 233.883041 245.885757 270.181915 305.682739 478.554962 389.424835 320.451111 379.914917 391.407104 240.111130 328.535889 238.477997 257.766876 219.330338 250.979752 307.369507 330.330566 236.109131 366.342773 228.191284 175.307053 172.895401 346.078217 252.362701 299.439484 173.297531 279.087921 228.522568 304.703583 191.622345 317.987549 380.121063 279.339264 286.289886 451.450073 594.677856 240.254501 262.423523 221.827179 232.139557 292.537842 216.453217 348.526611 250.147827 246.491867 270.447815 421.904083 339.123230 302.834381 230.254868 
170.234436 115.088951 97.598686 91.401497 71.955421 54.926735 35.919373 19.859720 0.000000 30.117899 99.936279 102.709877 113.616249 104.904495 167.422211 168.117172 106.578110 119.968727 155.256836 128.647919 168.506088 192.066193 142.238770 228.706940 213.255829 287.568146 328.971252 502.675537 317.234100 279.195221 316.787933 180.442505 212.286407 128.187744 183.389359 173.957901 151.190475 194.426987 192.207291 191.118484 186.479187 219.899200 203.332596 228.071884 203.367950 205.909683 244.973129 334.756531 264.891113 196.218842 249.134155 368.133545 253.167389 356.501068 324.756683 446.072327 391.138336 341.706268 333.263672 285.835876 330.533569 352.003876 383.006653 316.728882 340.031708 320.460907 286.898315 307.909485 301.098022 304.731842 332.141174 322.178711 289.295959 270.507355 511.721222 333.127075 287.969513 305.659973 294.750702 0.000000 371.252045 325.221985 380.569550 338.449890 391.097565 273.956238 329.189148 417.800537 304.035126 333.728210 247.492813 306.094299 256.179443 300.861115 281.199829 334.622925 320.993530 350.054871 423.005768 401.340302 332.503967 332.694550 382.622406 240.034698 260.242310 314.346710 288.782623 230.269791 289.362488 234.739395 247.356461 327.634705 328.888733 400.713959 298.555817 234.562271 342.015045 557.519287 369.355072 348.942352 328.666168 347.894135 306.538788 275.433899 333.576904 334.800751 280.308044 233.755142 285.505798 408.217560 408.668182 311.242065 320.299164 264.371735 287.986298 360.005463 310.992493 321.169525 387.280518 311.485168 406.567627 355.625854 294.678467 299.083038 349.306763 386.233063 273.492126 349.622375 274.489655 385.033173 262.400909 418.830627 305.505859 297.568390 273.987701 375.010132 273.599304 318.680176 421.196411 399.282928 425.182404 317.979553 594.677856 399.290070 326.144775 278.868195 594.677856 266.303406 314.828278 284.664490 335.220184 328.648407 285.087067 377.344238 538.474182 329.587463 320.221771 332.462402 316.649231 336.853546 335.061920 
150.065399 108.154747 124.502388 105.964569 123.472305 109.954491 71.244728 51.796635 30.117899 0.000000 35.263824 82.170876 115.273010 122.035004 103.067764 137.539154 168.482620 163.975662 134.397064 130.287109 138.357468 183.329315 135.187836 139.761963 147.942612 151.901657 199.850296 202.076675 224.840805 157.775574 162.044556 127.341164 152.504654 211.300873 131.437012 169.441635 200.616043 130.122757 128.366211 207.615997 150.307648 133.197800 147.596725 147.448456 126.575279 199.701477 195.294373 286.776215 187.265762 194.474091 226.137634 163.228790 212.773926 229.525208 217.056244 253.865479 268.818420 255.305725 271.997650 205.480408 234.895203 226.190765 293.288483 271.463745 272.596893 255.668930 215.002563 202.433609 226.356033 227.319717 239.920517 260.502472 204.260498 235.810043 244.816772 171.120361 261.578918 235.570786 206.697891 199.370041 267.921814 279.496521 226.030106 248.891632 190.135406 230.173920 281.268066 229.602524 231.169205 240.342682 193.468185 185.130341 180.160492 221.577835 203.753738 267.227966 251.871704 401.448975 267.460022 318.239868 238.991165 267.948425 227.550751 154.178650 167.059967 138.283676 256.328003 158.346252 173.367294 179.019028 149.407150 258.886780 225.380707 212.114334 237.794968 166.793640 170.927429 212.416885 204.270981 283.666260 297.879761 261.655670 181.414413 218.041855 217.727402 214.307404 310.103516 183.969559 250.658661 220.813416 280.579529 250.154755 230.893021 200.295609 227.551102 232.476044 417.818298 238.218430 250.925537 216.639038 253.997559 266.243683 211.285828 192.929749 222.160889 258.281708 228.637192 294.485504 205.206390 327.623810 197.752274 236.026413 165.282349 215.863708 224.199295 254.113892 220.711090 198.355865 263.574707 252.544540 228.679138 285.963867 349.781555 303.451202 227.340958 224.899750 233.566238 220.226624 186.012787 228.611038 205.408768 258.093079 159.497223 258.836639 329.917969 270.239349 194.586700 226.936478 188.042038 222.585266 213.766022 
139.175217 119.976532 141.107773 140.930801 178.948364 142.754166 105.428734 96.417328 99.936279 35.263824 0.000000 38.580101 125.245667 124.619934 98.618309 134.802109 159.187073 181.486084 124.896469 140.182007 150.203354 150.007111 119.045448 148.721054 137.550674 134.403534 160.920578 168.485992 140.908524 137.974136 151.028000 111.715401 148.239655 209.324265 125.045082 148.584717 213.407516 146.071136 147.942978 216.354156 181.051941 143.071091 174.289536 143.559235 143.931229 194.472275 220.663879 244.189026 225.582550 153.566437 188.996796 187.112823 232.441498 280.344513 249.755722 301.475708 288.744568 238.405396 261.928497 224.450760 258.405121 208.023758 270.627991 238.940002 244.340988 262.758026 217.555496 247.615402 244.981476 274.337463 239.282822 262.187347 210.921051 315.508759 269.714417 222.205978 243.110107 227.041275 211.804626 346.205200 317.774872 309.987915 237.140900 250.508118 173.267059 237.662811 247.825531 281.661530 316.201874 240.714767 227.677582 193.250153 186.794693 221.515198 225.031693 263.877380 229.494263 267.330200 356.867767 307.485748 240.500687 249.907227 247.481018 153.284149 171.390778 175.003235 264.709991 155.002090 172.128891 183.105927 154.113739 230.443787 360.940826 263.464630 252.711990 180.735535 180.993500 278.899536 224.844788 258.508240 320.469879 294.000977 207.720062 258.902924 244.639725 259.577820 236.080673 199.859497 193.286316 229.398163 283.572876 262.360504 233.067535 213.048477 221.840668 237.183243 253.145294 265.971771 292.906433 254.460556 256.637665 254.891129 224.723633 229.743607 187.124390 207.506012 218.844513 262.055634 174.420547 266.047546 208.493881 227.462936 215.103439 238.477371 286.736450 258.735046 255.314056 200.481232 295.873505 285.534088 286.287750 274.524719 301.199890 280.218414 222.476868 231.879807 331.312500 235.032104 218.582733 219.222382 266.668335 245.692230 176.458282 254.529694 308.675018 289.707672 228.748734 272.597626 238.326675 237.730881 235.028000 
147.439270 118.802917 132.374268 124.447266 138.751328 123.996460 91.426506 76.182487 102.709877 82.170876 38.580101 0.000000 69.408287 69.868210 82.344368 100.911964 110.831985 128.246628 101.509750 130.355637 138.305847 150.571533 141.021729 156.170471 155.780014 141.341965 177.211945 216.183884 152.082825 157.181305 153.769577 111.927155 158.106720 172.855957 138.112839 138.246262 199.400681 137.054367 148.746979 160.891693 150.238266 171.972351 165.292770 148.372543 143.372665 174.770737 233.143021 292.731415 239.627594 178.983917 193.514160 180.928329 237.483032 263.456116 233.210236 322.632935 325.521606 258.289978 299.947144 240.041214 260.454498 206.737656 341.903992 257.884369 285.120880 307.281799 251.270248 235.755753 256.281769 284.284729 268.091003 235.988358 223.450089 276.983307 328.447205 200.860336 250.011612 241.022278 223.024109 247.260910 339.093201 355.144440 303.169312 272.401947 216.232040 248.926788 293.293701 291.077057 264.086670 253.169754 218.698547 244.263596 198.087860 240.558929 214.886444 263.144684 366.123901 246.711517 426.589478 329.328644 271.426880 252.745361 268.772736 181.673828 181.073959 377.053162 266.572815 174.196442 166.937988 180.302490 183.333450 313.487854 272.746429 234.593369 286.600037 165.997711 223.456100 236.078293 212.579849 263.212524 364.164032 298.997192 227.071793 264.039978 271.849365 236.767365 280.176819 219.251160 203.897064 247.320892 314.977020 290.812775 235.303589 219.422363 245.135239 263.676300 299.134186 282.438507 278.724823 247.088806 278.019135 309.998199 245.410233 263.140778 217.186829 227.799301 239.206406 286.313324 165.739960 386.098511 239.223190 297.626923 202.546555 229.067917 266.371429 277.429199 196.891373 193.844360 368.414459 361.693970 300.894989 308.288635 323.977600 305.377899 259.316101 240.155533 375.019745 237.330582 221.118423 227.673431 239.117569 245.590240 220.848755 281.538544 347.771088 351.236572 241.884796 270.266144 216.468124 280.976746 370.461121 
239.052414 130.153473 130.572815 138.450699 122.746216 102.774879 128.401001 86.923141 113.616249 115.273010 125.245667 69.408287 0.000000 29.723545 78.728378 96.207489 85.904015 108.735123 110.282204 116.492256 171.595337 167.241470 134.108963 188.287384 184.672729 184.709183 268.116364 594.677856 430.994934 176.326416 172.424744 172.336731 155.119522 150.941330 165.337769 161.918442 142.685944 162.723541 153.672791 148.030319 170.409912 182.437241 187.648361 179.930267 194.233124 164.964951 232.876068 320.982727 237.132721 173.443573 207.358124 180.443436 245.333511 256.094849 242.443939 250.662903 362.114807 287.736023 224.181961 335.360016 253.677185 277.859924 240.882904 264.413879 280.855438 304.456390 301.149536 284.196625 282.289948 327.250793 273.564972 319.181976 244.284637 283.727325 443.295654 269.231720 262.790253 293.298828 290.072357 357.881470 250.246765 315.171326 395.185242 315.695038 185.569229 255.802246 337.449219 318.847321 307.000641 276.049194 263.476837 251.681381 254.594131 288.714691 236.701996 317.841156 361.071442 332.602966 432.319305 366.971100 242.020676 311.571777 248.404022 183.327011 215.327103 216.660767 265.646637 211.962463 215.933304 223.238205 230.693405 303.705444 463.506378 277.395935 237.008484 215.176178 329.506104 210.206100 258.907837 250.431015 410.894165 343.190399 256.983246 240.582535 287.166656 298.323425 488.090790 221.372223 280.877197 343.523468 359.864197 259.938049 216.659027 287.903748 284.541443 232.941742 273.571350 341.733429 273.189484 242.473816 303.628815 358.475769 266.086578 323.586426 239.611786 283.839478 304.361786 284.640839 258.760773 218.871338 262.030701 380.481964 235.586090 277.782227 312.384186 366.903351 198.485825 261.515381 341.296875 430.206818 373.705017 372.702667 469.088318 333.354553 230.882645 301.949158 463.650940 334.678436 288.861816 257.058441 303.187256 211.572784 242.350739 299.376617 425.551849 333.998169 239.445206 298.739136 321.074982 244.784073 319.600525 
195.832993 145.711441 119.527039 129.139862 107.685875 112.306847 114.791954 124.658333 104.904495 122.035004 124.619934 69.868210 29.723545 0.000000 31.344982 73.676910 76.036766 83.196747 100.037018 112.821091 135.010468 148.132324 182.165009 155.470642 154.304398 190.362488 315.446777 281.006836 271.769348 189.320236 195.596069 131.718658 148.672165 127.457001 160.001923 131.017044 125.223038 146.702499 182.264236 173.399765 153.090698 177.835602 187.996796 175.522308 160.107803 147.243195 185.903854 227.282928 219.144791 259.910706 213.385590 202.384979 221.028870 277.568176 216.113144 241.470123 295.846649 265.364136 266.712341 303.725708 292.473633 256.614380 292.220184 289.795258 271.285187 292.713562 320.752014 263.679443 334.142365 317.736603 295.774750 315.109436 225.513840 275.538544 315.069977 309.088287 297.561432 268.199005 273.411072 474.022675 340.259125 329.257477 324.245605 380.086945 249.189804 259.190521 333.409485 343.035736 285.377106 292.623077 230.006241 234.430191 227.961014 256.644836 231.090714 349.959167 335.238434 238.175278 375.373138 325.809021 234.659927 312.851471 256.337280 196.967194 219.307037 253.664047 235.245544 203.770111 236.327484 228.716705 212.462830 309.252350 355.110962 276.462067 275.981079 196.502518 223.397522 314.348663 254.638977 303.708801 382.095520 315.320587 247.313110 247.062561 297.185730 309.726379 292.224640 250.531769 290.097565 277.605042 284.646881 270.121216 230.898376 252.377060 272.680725 267.814667 318.609375 334.255859 365.366302 335.081207 300.084290 329.173767 299.174957 274.970428 261.069183 259.570679 323.783234 360.818817 197.710495 344.015503 251.987244 310.849701 236.169571 256.866302 305.285492 292.430573 303.864349 231.227142 303.123962 312.898926 349.199036 301.170837 295.708069 324.874695 291.849030 257.361755 405.944916 297.359833 276.626801 256.101440 273.827606 235.284454 250.228073 286.847961 364.833130 386.082397 246.697327 349.886047 254.979919 271.085968 327.069580 
155.794159 112.353279 161.956360 135.908707 213.221817 217.931229 126.196945 98.645935 167.422211 103.067764 98.618309 82.344368 78.728378 31.344982 0.000000 22.862949 87.582710 124.127449 86.309448 109.927536 120.923439 112.214699 118.472137 138.874054 127.975204 132.013092 200.284760 184.640976 126.465973 134.652298 135.597717 96.198425 144.029419 169.125397 122.213211 171.953995 171.671707 119.568268 163.491028 185.510544 142.822342 140.667862 154.615967 140.292709 124.755791 190.861694 225.699326 281.385071 240.204803 133.314163 209.071976 212.896759 269.137329 246.692078 222.286728 334.788666 322.342194 248.822159 259.131775 247.667175 279.110626 232.477158 269.585602 269.185028 265.582245 349.544128 185.325180 249.830811 259.611145 279.077209 244.754288 240.163895 288.583252 237.955292 366.087219 171.434525 240.449188 218.598312 214.153168 254.688141 355.791199 321.548615 347.785126 275.547424 210.332733 232.113312 318.299530 293.262970 288.515686 209.867310 268.796814 202.892548 191.887283 219.009857 248.443100 329.123322 255.282593 258.840363 368.688751 238.290268 191.911972 246.549728 214.711945 158.444153 200.378830 201.984222 277.395813 152.846878 183.898270 176.910263 228.612091 256.208954 244.210785 237.013977 258.996490 169.560242 196.902191 196.647644 386.027161 295.321472 301.889709 264.852203 198.062927 256.182190 320.070312 252.135117 286.235321 212.374664 188.408569 178.543213 267.598053 268.156708 253.895401 232.296677 223.857407 228.715652 232.312943 243.317871 326.998352 257.202728 305.086334 266.637512 274.724365 305.644958 203.266815 237.788605 199.568100 498.912201 156.974640 313.758789 205.303650 259.710785 195.064957 219.621750 256.009186 351.661530 241.665894 189.198990 387.014282 228.690430 295.990295 306.096436 422.015472 294.735443 225.655548 243.261292 433.848999 272.344391 232.288239 234.023788 244.677658 231.499451 184.549347 252.303650 284.268829 321.608612 261.586548 258.247986 218.983276 247.498367 392.728943 
177.569962 105.775047 152.085464 164.554016 162.360077 179.308823 122.847137 154.660553 168.117172 137.539154 134.802109 100.911964 96.207489 73.676910 22.862949 0.000000 31.752020 88.120430 82.426872 88.324829 116.893242 138.919250 131.404587 147.967865 124.295273 169.651764 176.339523 147.544800 0.000000 198.979065 203.290588 112.918869 156.426041 151.069229 140.922836 139.885101 163.239151 149.687714 137.157288 180.532364 159.126419 167.477280 160.668259 164.950394 215.737183 242.958374 234.738113 369.001404 245.632477 235.930466 256.045197 168.869354 235.573288 269.807709 248.393417 321.827454 354.699036 487.018585 324.501038 273.222412 263.382965 193.654770 303.636200 277.381622 302.938446 336.483459 318.915497 260.423767 307.731354 312.124847 255.226776 335.725830 246.764404 594.677856 288.104645 221.364182 297.537720 293.922302 235.292053 389.488708 376.765503 317.743378 347.670868 352.305450 205.321762 278.883728 378.348694 345.282135 355.462677 259.105469 250.556808 200.767471 232.713348 235.413940 240.483261 325.315491 306.780212 0.000000 334.715973 240.730362 137.917648 196.167419 167.250961 170.455917 236.613342 285.138031 254.965622 184.760651 185.984558 195.396683 182.120728 263.959076 334.088745 218.566711 311.769867 173.281784 273.947144 475.758118 226.975967 321.183289 344.805878 446.945343 281.003235 277.941498 256.228790 205.903214 255.618912 211.767288 289.591583 464.659790 534.795410 353.254669 315.016998 253.252075 269.519653 284.259247 279.923370 323.547424 340.796753 330.362549 400.302826 278.073303 321.325745 356.664520 293.264740 279.283112 224.767014 253.988678 141.080017 522.237671 281.511719 283.079163 238.891006 257.710144 424.676239 307.815338 258.686890 228.232651 342.555420 268.864624 356.529114 304.570831 315.810150 321.282288 282.992188 284.399689 525.996094 362.777649 274.013153 235.052567 277.962128 276.135864 110.111084 302.383881 330.426697 454.888428 223.582672 374.050995 336.405365 341.323730 278.884094 
238.114212 138.687210 115.454376 139.131653 102.181374 97.866913 120.586647 141.557449 106.578110 168.482620 159.187073 110.831985 85.904015 76.036766 87.582710 31.752020 0.000000 22.288456 50.119423 60.214851 105.547691 122.255577 134.348160 155.458069 167.018524 200.695282 229.605743 203.457886 259.755737 228.888870 224.321823 176.667374 140.136017 109.379425 161.798309 124.813446 114.940727 178.041336 197.507355 127.576050 164.035843 205.384186 195.140625 204.578903 225.273102 176.006683 185.027710 259.775726 241.872070 261.785431 241.396835 214.347580 244.086273 290.390228 344.410095 277.648987 312.705933 268.962555 345.451477 309.070068 266.744415 304.055237 337.915588 327.425537 310.839722 302.898407 325.453247 359.868195 305.456940 362.310242 324.933655 308.413788 279.211487 411.342621 393.366028 271.067719 289.294891 357.039093 320.191376 533.267700 458.670135 437.048920 386.223206 353.566925 272.829102 267.803925 350.829254 338.312958 360.312164 342.924713 302.758392 325.482574 245.973541 273.509369 322.291931 296.083618 536.363953 413.100861 433.552734 429.241608 254.382034 285.012482 308.320129 209.396881 347.253296 297.997772 225.855209 230.487396 293.098297 277.923737 312.846924 302.509460 287.318481 304.315887 379.245453 259.579742 304.555664 594.677856 259.472595 351.494385 410.409546 386.047028 276.839508 330.185455 430.039825 277.471008 342.581970 250.032806 284.300476 227.082245 354.195557 286.583099 405.265869 288.638519 286.612427 362.543671 428.702728 336.183868 363.450745 331.262573 420.116241 513.164612 334.231232 307.672913 292.186188 266.720734 331.582855 368.393250 219.505722 371.440399 242.988129 287.471771 274.035278 307.954926 268.208893 356.320221 256.709839 221.918030 463.748688 372.769623 386.549103 341.965057 431.620544 517.067627 335.219879 390.550690 448.737274 305.684601 306.872162 311.653748 308.009735 438.277039 231.811066 416.190765 535.203674 402.766235 391.859131 396.423157 281.168213 353.436951 415.763367 
264.447632 141.607025 99.795937 166.394608 117.494843 109.364807 188.636536 116.199875 119.968727 163.975662 181.486084 128.246628 108.735123 83.196747 124.127449 88.120430 22.288456 0.000000 20.600491 48.249989 96.179131 226.950546 159.681015 183.447403 189.488449 161.424728 362.754608 239.984512 255.926041 306.349457 233.392593 198.045105 173.386978 98.207718 203.730743 161.826614 113.000153 185.770432 188.787766 127.000961 197.029755 310.030945 209.947083 215.635422 321.118866 254.496262 223.587219 199.868851 291.319885 377.082001 339.559967 311.447021 278.200226 321.046265 313.149963 249.240417 384.741455 404.739624 295.639954 241.789322 319.041046 360.148712 519.061279 403.490631 338.975159 375.856018 501.410492 409.685913 267.601074 503.530640 481.383270 259.598511 420.730743 372.876404 336.990204 182.402817 361.256348 516.152771 296.248352 0.000000 352.152130 522.786926 357.990570 594.677856 208.207443 410.246521 375.700073 423.935028 449.063477 255.806107 246.289093 355.714661 253.205582 289.364777 308.661377 594.677856 524.769897 0.000000 468.000458 508.155579 479.241577 317.749695 251.809738 347.126923 245.626831 0.000000 224.454422 236.446136 185.592117 228.583099 594.456116 435.754547 258.136047 297.842560 466.791534 298.200348 492.468506 242.220490 0.000000 377.105499 361.322296 386.487457 362.480194 417.059570 359.570435 399.120941 594.677856 459.480988 303.667938 247.708344 310.634583 555.886841 505.749084 336.959717 287.016876 333.107605 0.000000 311.959473 463.854706 335.677795 410.705048 297.251434 373.735840 315.768829 181.041260 401.585815 209.952713 208.774048 207.353638 427.555420 262.302551 255.968933 319.090759 309.341888 367.924835 354.228149 239.118790 224.854965 410.977844 501.095947 330.690979 521.866577 594.677856 442.814301 368.692780 487.121429 343.785858 542.763245 410.518890 418.288605 364.990173 296.710083 261.848938 594.677856 374.947205 594.677856 507.961029 371.356384 0.000000 453.269470 405.340668 
199.640030 110.616241 116.402855 141.140823 201.303833 159.335403 125.667763 95.115868 155.256836 134.397064 124.896469 101.509750 110.282204 100.037018 86.309448 82.426872 50.119423 20.600491 0.000000 22.904373 69.571838 85.591858 90.283020 124.426758 121.326897 138.708344 158.152802 163.630646 269.872314 207.411011 143.300827 119.378220 135.477371 120.990738 116.474495 126.532623 142.533676 120.469116 140.552399 180.005692 131.465500 154.363113 149.819229 149.397125 187.105591 198.039459 206.678360 243.823914 216.418961 164.827591 187.209625 172.662216 229.552216 259.705841 265.495575 269.285858 350.508057 226.357300 251.371979 283.354431 272.467560 233.017944 279.832031 288.112335 236.623566 270.096100 317.206665 265.383453 256.965118 317.679749 243.688034 234.276001 252.187698 288.677673 294.004456 206.499176 226.943085 248.026184 222.538025 318.074005 327.925293 313.021851 298.955780 282.053741 192.922440 253.019974 273.812042 272.806671 297.132263 210.675995 186.096085 186.162827 185.850052 254.559998 203.401688 321.525696 243.773895 391.840057 371.570251 399.791077 262.786407 267.838837 210.123108 207.270264 188.272278 344.998901 290.523590 180.528610 205.734131 196.205231 200.394897 301.039154 594.677856 251.061279 322.571777 189.152222 232.904648 244.243408 190.082733 282.075531 435.047485 298.477203 225.591095 255.409744 253.161621 262.507843 230.707581 205.880402 227.696091 231.375427 309.934174 219.694443 259.977173 222.095901 274.909241 276.101013 324.518921 249.463791 268.308624 246.006393 254.759644 327.795197 293.577484 273.391235 299.514282 354.468384 185.258133 216.508347 146.166733 578.713440 214.321136 258.117615 233.216644 257.190765 267.072784 278.570618 221.711441 254.402740 255.079025 297.400909 292.832886 294.748474 321.259064 259.200623 261.250458 300.751038 335.038788 214.713760 250.780243 232.485016 232.069855 292.074554 209.258057 302.664124 331.213104 316.056000 291.479034 293.286041 231.394028 241.637375 213.002991 
275.474487 172.801788 171.966629 151.076340 153.260986 154.683609 146.868439 145.637833 128.647919 130.287109 140.182007 130.355637 116.492256 112.821091 109.927536 88.324829 60.214851 48.249989 22.904373 0.000000 37.034576 73.201263 95.458656 109.851471 115.866760 162.128983 153.956039 218.742020 297.641693 197.665604 181.623169 139.964355 148.900177 108.173409 141.333328 126.832222 124.750305 152.133942 195.351761 126.861000 153.538254 186.638504 171.027008 165.738190 241.124969 189.061829 202.762939 236.708328 255.460403 247.482880 228.785324 224.630310 210.670212 248.824890 297.062653 327.047974 347.648682 280.837494 292.127167 273.064148 261.052429 230.267258 431.932220 336.747223 316.732727 303.013397 339.893311 272.325958 345.049988 321.747009 297.484192 300.351959 255.622910 405.796631 338.912872 232.564468 249.731064 288.980469 302.178619 434.463165 312.970093 311.322937 355.316986 351.812500 357.700165 253.090424 345.467072 369.672272 357.379333 318.819611 214.733475 218.800385 249.132324 251.915237 258.150238 266.415344 498.779968 205.877762 402.469147 337.820374 244.383499 257.271240 245.145554 211.647171 239.420029 268.090729 229.954437 196.360428 290.999268 237.162277 201.621338 275.160065 274.391266 256.881134 237.277908 189.415100 228.099747 274.777435 231.428268 290.472351 406.618561 366.547241 270.215546 263.747589 245.931427 260.466309 305.968048 227.730011 246.967316 316.850189 368.315918 286.949219 286.155579 256.401794 307.714233 317.110657 348.030457 303.289917 337.535309 289.782440 340.343506 317.319244 310.314789 273.395233 219.887878 292.465332 283.078308 305.416412 213.153030 325.455597 275.201538 258.611786 239.213318 270.150879 284.370361 309.589111 345.741913 238.268280 312.377563 278.285400 449.320312 332.730316 296.607574 380.752991 315.286102 362.324432 449.188843 254.365250 329.475189 278.240692 279.640137 292.833984 240.832001 378.668152 431.038574 354.549561 286.575256 298.294556 315.500366 299.216492 277.518524 
