181
0.000000 0.970951 0.135346 0.100161 0.029722 0.036001 0.070577 0.060801 0.040878 0.050439 0.057187 0.051945 0.023214 0.032366 0.047386 0.038102 0.023366 0.019619 0.031344 0.018327 0.028937 0.037798 0.052982 0.039511 0.035500 0.062038 0.009755 0.039424 0.053222 0.061168 0.034320 0.076303 0.035697 0.017591 0.048256 0.029370 0.018830 0.040760 0.061924 0.033158 0.039358 0.039371 0.031022 0.043958 0.045017 0.021322 0.013870 0.014617 0.013223 0.045902 0.027018 0.022104 0.018631 0.014113 0.024802 0.011530 0.012362 0.019589 0.014092 0.015612 0.015942 0.021398 0.007281 0.020388 0.014561 0.011096 0.015929 0.020160 0.021906 0.014092 0.019958 0.015103 0.012037 0.017635 0.009931 0.031901 0.015609 0.014928 0.023830 0.018334 0.011234 0.011184 0.012456 0.012453 0.028680 0.020212 0.014998 0.011886 0.014627 0.021395 0.026313 0.021786 0.020876 0.016262 0.024099 0.008932 0.010824 0.023573 0.005102 0.008297 0.024637 0.009992 0.026047 0.041024 0.044484 0.024316 0.014148 0.045557 0.044900 0.044881 0.051239 0.016953 0.013633 0.018882 0.011216 0.044540 0.040066 0.019134 0.032283 0.019091 0.009594 0.010175 0.022601 0.017725 0.013665 0.027012 0.018729 0.031714 0.023166 0.019042 0.010906 0.025259 0.020588 0.020690 0.018489 0.013861 0.017829 0.014783 0.012250 0.017961 0.014568 0.010974 0.015207 0.025127 0.022250 0.012783 0.018223 0.011669 0.027613 0.015752 0.017653 0.011952 0.035358 0.016951 0.013052 0.014160 0.019871 0.026932 0.014063 0.013157 0.010604 0.008469 0.016300 0.018240 0.015558 0.019056 0.006081 0.029250 0.018103 0.020069 0.016806 0.016499 0.032094 0.017440 0.011330 0.012008 0.012069 0.018090 0.030983 0.015595 0.008771 
0.970951 0.000000 1.427251 0.426552 0.122503 0.127944 0.184570 0.155265 0.078495 0.087061 0.073239 0.074448 0.063945 0.052976 0.081707 0.090350 0.057523 0.055560 0.083856 0.039871 0.042924 0.036961 0.052935 0.048096 0.041865 0.054389 0.016148 0.053813 0.014310 0.031863 0.032185 0.057345 0.031306 0.039243 0.050807 0.046413 0.029842 0.067716 0.052985 0.042142 0.051117 0.036669 0.030585 0.043372 0.044810 0.035970 0.029472 0.015131 0.019934 0.011889 0.025810 0.033275 0.020596 0.020583 0.034686 0.014763 0.014378 0.022423 0.009065 0.014092 0.017206 0.021190 0.008970 0.016047 0.012358 0.021400 0.014279 0.014536 0.018831 0.012227 0.022829 0.014966 0.016593 0.011454 0.008016 0.021894 0.027935 0.019289 0.018410 0.031159 0.009702 0.007862 0.018886 0.014810 0.025806 0.018281 0.012420 0.012976 0.019814 0.022393 0.024220 0.021926 0.030429 0.016869 0.017047 0.008854 0.020907 0.009042 0.006854 0.014282 0.033685 0.016324 0.014995 0.035132 0.032938 0.034689 0.015222 0.035541 0.031699 0.027797 0.041422 0.010118 0.015066 0.017850 0.012265 0.031758 0.028912 0.008339 0.009476 0.016840 0.013098 0.015553 0.022040 0.017208 0.020217 0.014621 0.012232 0.022741 0.024802 0.010499 0.007752 0.012061 0.018515 0.024013 0.016131 0.018098 0.006779 0.016236 0.012394 0.021496 0.019375 0.019260 0.018976 0.017186 0.023845 0.021691 0.022922 0.018195 0.044362 0.010859 0.019804 0.015633 0.026231 0.018206 0.018695 0.009672 0.022187 0.032318 0.014163 0.010735 0.013083 0.015921 0.004592 0.011480 0.015788 0.009247 0.009521 0.024152 0.022087 0.018562 0.018617 0.025309 0.027592 0.019940 0.014515 0.013028 0.020980 0.012654 0.025658 0.020394 0.020331 
0.135346 1.427251 0.000000 0.697396 0.304219 0.253564 0.148000 0.166359 0.103314 0.068855 0.055888 0.062167 0.063603 0.073698 0.044419 0.049327 0.078082 0.099551 0.077024 0.040194 0.030599 0.026821 0.023834 0.031789 0.023366 0.018070 0.019056 0.013355 0.013721 0.030469 0.013717 0.044851 0.020758 0.034155 0.040532 0.030601 0.035758 0.035432 0.035962 0.037624 0.025009 0.019916 0.024149 0.023802 0.033143 0.024788 0.025107 0.012255 0.017949 0.008633 0.018691 0.024987 0.017981 0.013863 0.007933 0.011306 0.010385 0.012099 0.011506 0.009527 0.010276 0.022552 0.007216 0.008690 0.010289 0.010942 0.013366 0.014097 0.014632 0.010386 0.011577 0.010610 0.015044 0.011144 0.005526 0.021434 0.011657 0.013227 0.010472 0.006626 0.012819 0.007198 0.015362 0.009795 0.009232 0.010203 0.007867 0.011083 0.007148 0.014192 0.016366 0.015808 0.014756 0.015658 0.015734 0.007996 0.007859 0.011339 0.006085 0.006148 0.018828 0.009206 0.014530 0.022854 0.018451 0.026425 0.014878 0.019097 0.017302 0.033736 0.021502 0.016284 0.015027 0.010851 0.019068 0.020655 0.020072 0.000000 0.010447 0.011332 0.008720 0.008469 0.015480 0.013337 0.008861 0.005697 0.007415 0.013692 0.022997 0.008786 0.006311 0.007091 0.012543 0.013189 0.009290 0.009107 0.009966 0.012782 0.010293 0.009940 0.009914 0.006851 0.011646 0.010672 0.012589 0.016157 0.013682 0.011746 0.025845 0.011504 0.015149 0.015573 0.015178 0.012986 0.011254 0.010728 0.019065 0.019087 0.010948 0.011607 0.007615 0.014308 0.007877 0.011799 0.011442 0.011080 0.007872 0.015790 0.018526 0.012877 0.015081 0.010029 0.017383 0.011253 0.007622 0.009966 0.011351 0.007643 0.019177 0.010808 0.008079 
0.100161 0.426552 0.697396 0.000000 2.049171 0.803087 0.232398 0.162552 0.115251 0.090081 0.056005 0.068906 0.057687 0.064784 0.059496 0.043257 0.057217 0.042462 0.055866 0.049878 0.038299 0.029947 0.032613 0.025989 0.035274 0.022469 0.021770 0.030542 0.025807 0.012762 0.020108 0.043483 0.037008 0.041806 0.040866 0.048000 0.033542 0.029873 0.027833 0.033989 0.032903 0.022715 0.028004 0.024593 0.041163 0.026045 0.020005 0.009420 0.013232 0.024524 0.019164 0.024364 0.021191 0.016008 0.021442 0.007071 0.010889 0.006302 0.013279 0.017336 0.017424 0.013374 0.006643 0.013102 0.012761 0.011559 0.016946 0.015497 0.010876 0.008842 0.014573 0.019020 0.009517 0.007919 0.008485 0.009719 0.011359 0.015628 0.009707 0.000000 0.005263 0.010332 0.013818 0.008115 0.017060 0.011965 0.010836 0.007144 0.014228 0.006149 0.014266 0.016775 0.016437 0.019109 0.009953 0.009284 0.004083 0.011893 0.006876 0.006924 0.015826 0.012632 0.017102 0.021065 0.008546 0.030661 0.010293 0.023333 0.016720 0.018073 0.017702 0.012386 0.015480 0.014211 0.009113 0.017960 0.010037 0.017163 0.008397 0.011827 0.003825 0.009550 0.017957 0.016074 0.016578 0.012863 0.012294 0.016351 0.011217 0.011254 0.011272 0.008082 0.017361 0.014363 0.011927 0.012307 0.008925 0.008540 0.010349 0.012027 0.012735 0.008673 0.009455 0.010724 0.010995 0.006362 0.010110 0.018519 0.012275 0.009722 0.014798 0.005854 0.010813 0.011874 0.011155 0.008473 0.015046 0.014727 0.008515 0.008858 0.009718 0.010343 0.004047 0.007417 0.008922 0.006955 0.004165 0.011579 0.011892 0.016837 0.009322 0.014489 0.010711 0.008730 0.005883 0.010622 0.004329 0.011043 0.016267 0.011871 0.010434 
0.029722 0.122503 0.304219 2.049171 0.000000 0.847439 0.180096 0.120148 0.171709 0.069815 0.037614 0.057478 0.070505 0.087694 0.028088 0.044235 0.095708 0.075835 0.030913 0.048698 0.024932 0.021548 0.027619 0.022256 0.020518 0.028328 0.003569 0.008921 0.006415 0.011082 0.018421 0.020516 0.017410 0.046152 0.022763 0.025091 0.055614 0.033526 0.019589 0.030976 0.026777 0.019251 0.021854 0.019972 0.018503 0.018592 0.028501 0.025876 0.021640 0.013054 0.017140 0.013333 0.019389 0.019778 0.010670 0.005364 0.012459 0.015785 0.016975 0.019581 0.011041 0.010475 0.007601 0.019840 0.011523 0.014709 0.012693 0.008098 0.011381 0.011864 0.013754 0.016091 0.009489 0.007921 0.007844 0.016534 0.008134 0.008001 0.010470 0.018840 0.007282 0.009328 0.008547 0.009794 0.007867 0.012486 0.009638 0.012430 0.011995 0.011780 0.002210 0.013757 0.018760 0.017754 0.014956 0.005536 0.007454 0.014360 0.008457 0.010126 0.012715 0.009454 0.007148 0.012200 0.018080 0.017841 0.017960 0.017713 0.017586 0.018573 0.012430 0.016672 0.014235 0.010284 0.015079 0.018854 0.013672 0.009067 0.015776 0.008604 0.010358 0.006495 0.012521 0.009961 0.010413 0.008836 0.015467 0.011170 0.013474 0.009271 0.012830 0.011792 0.005948 0.012516 0.012208 0.009959 0.005406 0.009935 0.009102 0.014530 0.010815 0.008250 0.010234 0.008319 0.009175 0.004375 0.011509 0.006633 0.015124 0.009446 0.013294 0.008721 0.008611 0.012286 0.011371 0.015803 0.015272 0.011298 0.012499 0.012028 0.014456 0.008903 0.013426 0.005587 0.009753 0.014728 0.008735 0.008809 0.011993 0.015533 0.012850 0.014321 0.011847 0.010698 0.009680 0.007456 0.009801 0.009831 0.005688 0.008529 0.011233 
0.036001 0.127944 0.253564 0.803087 0.847439 0.000000 1.010315 0.247190 0.269315 0.084699 0.054817 0.069324 0.094788 0.081763 0.027083 0.037488 0.102843 0.085462 0.045644 0.047954 0.033477 0.018895 0.017634 0.017764 0.020840 0.015395 0.019975 0.019887 0.035733 0.019417 0.019780 0.027987 0.038501 0.051786 0.026884 0.032166 0.058324 0.025701 0.023704 0.055414 0.022066 0.022327 0.027613 0.018989 0.019562 0.023045 0.029183 0.022516 0.020947 0.013096 0.017184 0.030865 0.021060 0.010477 0.015292 0.013672 0.016274 0.009141 0.018235 0.013946 0.008399 0.013628 0.010541 0.016153 0.012586 0.012532 0.014731 0.011580 0.011774 0.011545 0.014579 0.011615 0.014806 0.012196 0.006016 0.020926 0.010045 0.009307 0.009941 0.014507 0.006289 0.005785 0.014566 0.009669 0.017113 0.010472 0.007523 0.007031 0.012110 0.011036 0.012683 0.013057 0.017782 0.017438 0.015227 0.019395 0.010781 0.004169 0.003645 0.009645 0.008772 0.012066 0.007851 0.015034 0.023701 0.016368 0.015853 0.020361 0.006457 0.012319 0.021040 0.018377 0.007035 0.015043 0.013103 0.011069 0.013191 0.002608 0.015767 0.013089 0.006425 0.011486 0.012983 0.015280 0.010986 0.011342 0.013001 0.018842 0.013715 0.016144 0.012676 0.009139 0.010319 0.013212 0.012181 0.006899 0.007835 0.008122 0.010327 0.014076 0.010136 0.011623 0.012812 0.011311 0.009530 0.011788 0.007446 0.015041 0.037208 0.007593 0.016521 0.011206 0.006589 0.010408 0.013245 0.011265 0.007993 0.014585 0.008099 0.008731 0.011171 0.007072 0.011171 0.005724 0.014560 0.007322 0.011632 0.007134 0.006492 0.014602 0.014712 0.011150 0.012755 0.012817 0.008020 0.009503 0.003414 0.008523 0.014505 0.012037 0.010768 
0.070577 0.184570 0.148000 0.232398 0.180096 1.010315 0.000000 3.041357 0.546620 0.174574 0.090845 0.115198 0.065406 0.078834 0.067321 0.070408 0.072622 0.034450 0.067794 0.052282 0.044590 0.053786 0.038186 0.035047 0.032415 0.036712 0.010293 0.008203 0.000000 0.013147 0.016634 0.045661 0.031664 0.043441 0.043622 0.052803 0.035761 0.038708 0.030639 0.038850 0.045293 0.035715 0.034200 0.031373 0.042707 0.020114 0.028333 0.012113 0.012114 0.039505 0.025628 0.025244 0.025122 0.013261 0.016759 0.012747 0.005581 0.011343 0.011079 0.010849 0.017395 0.011933 0.012292 0.016966 0.011388 0.012821 0.008946 0.020203 0.012985 0.011112 0.011264 0.019855 0.017642 0.011031 0.003259 0.037797 0.018385 0.016114 0.017906 0.004046 0.013731 0.011837 0.005990 0.007918 0.013194 0.010595 0.006138 0.011034 0.014887 0.019102 0.021569 0.019916 0.019170 0.015620 0.013795 0.012643 0.002436 0.019319 0.003360 0.012876 0.024484 0.010104 0.012863 0.026811 0.021876 0.021643 0.013530 0.035958 0.025777 0.026068 0.022734 0.017829 0.012931 0.020289 0.009961 0.026068 0.018195 0.022596 0.032340 0.015674 0.010336 0.006210 0.019681 0.019815 0.008956 0.014569 0.014572 0.021760 0.018769 0.009953 0.012648 0.019821 0.018082 0.013226 0.018838 0.014497 0.010780 0.008440 0.008711 0.016329 0.009918 0.010105 0.013023 0.012400 0.027008 0.018750 0.015216 0.009681 0.028818 0.005488 0.023348 0.012279 0.036854 0.026854 0.018439 0.013883 0.020913 0.022890 0.010626 0.010801 0.014915 0.010063 0.005645 0.012571 0.008615 0.014038 0.008623 0.006902 0.016536 0.020140 0.012872 0.015344 0.018563 0.011635 0.008608 0.009565 0.009225 0.012482 0.019612 0.015027 0.014897 
0.060801 0.155265 0.166359 0.162552 0.120148 0.247190 3.041357 0.000000 1.467613 0.296982 0.105433 0.156126 0.125316 0.068712 0.101493 0.047966 0.055592 0.077249 0.107848 0.053020 0.038938 0.043557 0.048140 0.036506 0.060418 0.044424 0.018835 0.022357 0.015972 0.007967 0.032713 0.033987 0.057151 0.042028 0.051728 0.050432 0.062694 0.047747 0.032647 0.034015 0.054958 0.052475 0.049905 0.043900 0.048360 0.033672 0.025159 0.014006 0.025324 0.022390 0.025621 0.022215 0.023596 0.004768 0.014408 0.016216 0.012005 0.024344 0.022623 0.008461 0.023320 0.029230 0.018255 0.012068 0.006812 0.014175 0.030775 0.016909 0.017413 0.009339 0.020373 0.019712 0.016712 0.009686 0.004633 0.017725 0.025140 0.017918 0.018070 0.000000 0.002171 0.012139 0.017150 0.011357 0.037559 0.016309 0.019934 0.009076 0.012684 0.021011 0.015295 0.018855 0.024995 0.013079 0.017614 0.011209 0.013928 0.013853 0.014956 0.019113 0.042708 0.023716 0.009288 0.034752 0.039672 0.000000 0.019458 0.032395 0.016631 0.015735 0.013541 0.013178 0.022115 0.012589 0.011406 0.026975 0.020501 0.016063 0.013039 0.010200 0.002698 0.008307 0.011250 0.019570 0.013878 0.018084 0.015608 0.017873 0.022091 0.021404 0.018259 0.024075 0.022149 0.018930 0.015409 0.007300 0.010293 0.014244 0.010726 0.010206 0.023043 0.013665 0.023307 0.020473 0.026796 0.021404 0.015269 0.013541 0.023698 0.011396 0.025084 0.038926 0.039835 0.012530 0.021209 0.015948 0.039681 0.017933 0.025024 0.015492 0.033560 0.014428 0.010716 0.017907 0.017188 0.008045 0.004961 0.023020 0.019871 0.026295 0.024377 0.016580 0.027392 0.012383 0.021523 0.022058 0.018899 0.009006 0.012961 0.015652 0.024711 
0.040878 0.078495 0.103314 0.115251 0.171709 0.269315 0.546620 1.467613 0.000000 0.733149 0.099318 0.094888 0.080198 0.091603 0.042029 0.041739 0.089218 0.073246 0.047659 0.065197 0.041579 0.033431 0.055149 0.024990 0.028080 0.017061 0.013634 0.006726 0.014486 0.017922 0.014520 0.037097 0.028294 0.065588 0.036109 0.039430 0.049815 0.032757 0.033390 0.033708 0.035117 0.026681 0.030401 0.025106 0.030392 0.029770 0.022286 0.013244 0.019564 0.032260 0.021669 0.011304 0.021097 0.011925 0.013931 0.008208 0.010218 0.012798 0.013343 0.017233 0.013527 0.012180 0.010582 0.014524 0.012903 0.014243 0.017127 0.015224 0.015802 0.015489 0.013418 0.014117 0.016891 0.018892 0.006529 0.013352 0.017021 0.015411 0.016374 0.000000 0.011146 0.013897 0.010695 0.013004 0.010219 0.018497 0.013619 0.009154 0.015549 0.013312 0.021909 0.015375 0.020685 0.015823 0.017710 0.013253 0.014204 0.012293 0.008967 0.009788 0.013394 0.013381 0.010599 0.023056 0.020150 0.014708 0.016941 0.024708 0.016885 0.023929 0.021929 0.013727 0.013640 0.009814 0.016027 0.023959 0.012779 0.005660 0.011242 0.012359 0.013656 0.012421 0.015338 0.018332 0.013322 0.013241 0.017804 0.024097 0.017267 0.009515 0.009498 0.014953 0.014255 0.019628 0.017020 0.011732 0.014973 0.014191 0.010388 0.014934 0.009580 0.011974 0.016380 0.015980 0.012337 0.010435 0.018549 0.012319 0.018437 0.010489 0.019874 0.009117 0.015424 0.016116 0.018493 0.010960 0.018537 0.014376 0.009031 0.009873 0.008891 0.014429 0.002494 0.009872 0.013832 0.017957 0.004317 0.019391 0.014670 0.017352 0.013213 0.013657 0.017309 0.010848 0.005997 0.013592 0.014261 0.013397 0.014530 0.013107 0.013224 
0.050439 0.087061 0.068855 0.090081 0.069815 0.084699 0.174574 0.296982 0.733149 0.000000 0.563661 0.137627 0.078287 0.071191 0.094340 0.058325 0.041589 0.043511 0.060616 0.063836 0.057751 0.036128 0.060026 0.056787 0.051651 0.049427 0.031289 0.030717 0.025710 0.046398 0.044379 0.066316 0.049102 0.028514 0.062908 0.041197 0.031090 0.063970 0.065436 0.029363 0.050304 0.061528 0.051853 0.051940 0.066986 0.031328 0.032515 0.017139 0.034871 0.032744 0.025465 0.043844 0.028186 0.024842 0.027265 0.021000 0.019090 0.020803 0.018719 0.029873 0.023902 0.025455 0.016510 0.018781 0.018651 0.020754 0.027701 0.030626 0.025424 0.025245 0.023074 0.020116 0.030171 0.023748 0.022310 0.040526 0.019978 0.023788 0.029581 0.031415 0.019196 0.017890 0.025485 0.021704 0.033999 0.024725 0.017702 0.024828 0.024548 0.023006 0.033028 0.035544 0.037194 0.026344 0.030296 0.019280 0.021278 0.009784 0.019252 0.014409 0.023224 0.019193 0.025202 0.048216 0.042181 0.057803 0.020665 0.046120 0.039654 0.037590 0.050810 0.020326 0.025608 0.028332 0.023419 0.042293 0.040602 0.028265 0.030169 0.017454 0.016088 0.019969 0.036766 0.027060 0.027126 0.027851 0.015045 0.035919 0.021450 0.026497 0.017775 0.021522 0.024597 0.031173 0.025202 0.024318 0.009154 0.023349 0.021412 0.027353 0.020982 0.019398 0.028518 0.033182 0.026229 0.020405 0.025003 0.016398 0.029940 0.013728 0.031844 0.023712 0.042939 0.027517 0.025833 0.020966 0.026517 0.031683 0.019727 0.021184 0.024995 0.017221 0.012309 0.015599 0.025241 0.025699 0.024130 0.026614 0.035264 0.025008 0.029891 0.020430 0.045566 0.020332 0.013569 0.018923 0.032712 0.025316 0.034632 0.026146 0.027968 
0.057187 0.073239 0.055888 0.056005 0.037614 0.054817 0.090845 0.105433 0.099318 0.563661 0.000000 0.485245 0.068176 0.068747 0.101540 0.060312 0.045714 0.036742 0.068494 0.056504 0.050362 0.050472 0.074196 0.051201 0.058317 0.060611 0.044897 0.041587 0.056019 0.058019 0.049904 0.082486 0.051479 0.028965 0.068358 0.051279 0.028047 0.052759 0.051651 0.027413 0.036889 0.054615 0.039305 0.054306 0.054072 0.032744 0.026527 0.022406 0.025570 0.048537 0.034341 0.034919 0.024325 0.017800 0.021579 0.015769 0.016945 0.023319 0.019934 0.025785 0.020389 0.029267 0.018878 0.023232 0.022382 0.019829 0.027161 0.021891 0.022285 0.018454 0.023176 0.019901 0.028600 0.014618 0.018984 0.026220 0.022572 0.025296 0.028401 0.012522 0.014444 0.015054 0.023526 0.021472 0.039692 0.023440 0.021860 0.017661 0.014564 0.022947 0.025179 0.033090 0.035018 0.026357 0.025674 0.019689 0.024847 0.019267 0.011905 0.015259 0.022981 0.021558 0.021911 0.048686 0.040419 0.039038 0.019586 0.047790 0.040131 0.036202 0.048250 0.024677 0.011682 0.019741 0.021160 0.036997 0.036909 0.017954 0.025710 0.020376 0.014243 0.016443 0.029338 0.020324 0.022337 0.020236 0.023703 0.031287 0.033080 0.024865 0.017463 0.019879 0.024216 0.028126 0.026292 0.023519 0.021100 0.019432 0.016546 0.020919 0.020624 0.020860 0.025733 0.024802 0.034915 0.029389 0.026895 0.019918 0.039256 0.019422 0.029157 0.025218 0.027679 0.023307 0.017143 0.020346 0.020802 0.031125 0.016270 0.017264 0.017188 0.018433 0.015793 0.017813 0.026167 0.024423 0.013474 0.023879 0.026949 0.026818 0.019347 0.022178 0.038503 0.020909 0.015161 0.016851 0.024982 0.018651 0.023332 0.023429 0.023880 
0.051945 0.074448 0.062167 0.068906 0.057478 0.069324 0.115198 0.156126 0.094888 0.137627 0.485245 0.000000 0.182340 0.180344 0.137144 0.097723 0.083584 0.065538 0.096765 0.063780 0.057787 0.050157 0.055944 0.047196 0.047393 0.055733 0.038231 0.027449 0.049329 0.046691 0.048430 0.082226 0.046236 0.039850 0.057922 0.057829 0.031407 0.058669 0.051186 0.044910 0.050342 0.040192 0.042935 0.051402 0.054424 0.039125 0.024203 0.016562 0.023121 0.037602 0.033015 0.036931 0.023470 0.019742 0.024191 0.014084 0.013876 0.020404 0.015903 0.023055 0.020122 0.029571 0.012786 0.020458 0.017306 0.015276 0.021363 0.023757 0.020671 0.017390 0.019176 0.023718 0.025978 0.018161 0.013671 0.031027 0.021543 0.022898 0.026060 0.021944 0.012963 0.012001 0.015623 0.018673 0.027439 0.021699 0.016509 0.016719 0.019663 0.021097 0.026925 0.022394 0.031754 0.022972 0.027726 0.019781 0.011407 0.022025 0.008842 0.013610 0.018785 0.021156 0.019095 0.036679 0.036881 0.010862 0.019359 0.039340 0.042232 0.037145 0.036127 0.014775 0.018634 0.023954 0.017157 0.042631 0.025976 0.023703 0.028229 0.019772 0.011510 0.015988 0.025291 0.019669 0.018736 0.023588 0.017817 0.026812 0.030261 0.021935 0.014659 0.016745 0.023833 0.026777 0.022262 0.019714 0.015976 0.017580 0.017972 0.021969 0.018049 0.015053 0.022220 0.019781 0.027238 0.025156 0.023189 0.017186 0.042742 0.010441 0.023186 0.016111 0.030598 0.024924 0.019383 0.018113 0.032077 0.032921 0.011289 0.011641 0.015820 0.015193 0.013986 0.015435 0.020270 0.023036 0.010960 0.023495 0.026436 0.025179 0.023203 0.022193 0.026490 0.017674 0.012428 0.012225 0.022762 0.018920 0.027389 0.017733 0.011186 
0.023214 0.063945 0.063603 0.057687 0.070505 0.094788 0.065406 0.125316 0.080198 0.078287 0.068176 0.182340 0.000000 0.749432 0.147802 0.105816 0.127804 0.086288 0.084280 0.076926 0.040339 0.042104 0.060833 0.034557 0.035691 0.035680 0.019173 0.002415 0.008692 0.038551 0.040016 0.040050 0.047730 0.049952 0.042915 0.044436 0.054861 0.044071 0.048481 0.051600 0.040808 0.036423 0.034753 0.037273 0.032812 0.043077 0.024249 0.014205 0.023528 0.039625 0.029424 0.037096 0.022232 0.020697 0.022675 0.021449 0.011619 0.017044 0.025836 0.013204 0.021026 0.018066 0.022920 0.019623 0.017746 0.015513 0.015798 0.017399 0.017596 0.013754 0.018541 0.014338 0.022391 0.017447 0.008294 0.019041 0.019825 0.016509 0.016816 0.011849 0.021509 0.014644 0.010044 0.014603 0.035404 0.020736 0.013068 0.014364 0.015299 0.018264 0.019739 0.021305 0.020900 0.016948 0.023599 0.014439 0.011675 0.013387 0.008648 0.011364 0.022741 0.014927 0.021776 0.036129 0.027631 0.027348 0.019471 0.028366 0.027502 0.026019 0.024632 0.015577 0.007700 0.018116 0.023548 0.027664 0.013598 0.028762 0.020323 0.021483 0.009412 0.012706 0.020577 0.022968 0.017101 0.016048 0.007064 0.026385 0.017743 0.012685 0.011740 0.020189 0.027349 0.017028 0.017364 0.024238 0.018540 0.012796 0.018583 0.022670 0.015583 0.011816 0.019418 0.014015 0.023123 0.017436 0.015521 0.017354 0.020342 0.026890 0.019921 0.010699 0.023786 0.018074 0.014862 0.011367 0.031648 0.019987 0.012824 0.008718 0.011024 0.011074 0.007548 0.013337 0.024599 0.015728 0.007696 0.013249 0.016934 0.020567 0.015621 0.028453 0.022690 0.015954 0.008878 0.013294 0.023150 0.016011 0.014198 0.022315 0.014307 
0.032366 0.052976 0.073698 0.064784 0.087694 0.081763 0.078834 0.068712 0.091603 0.071191 0.068747 0.180344 0.749432 0.000000 0.685941 0.165075 0.156625 0.134810 0.099151 0.081143 0.060157 0.051541 0.036514 0.047550 0.048151 0.033931 0.014623 0.017730 0.018746 0.034243 0.032431 0.062684 0.051229 0.066216 0.045327 0.063244 0.068196 0.052381 0.036481 0.039642 0.048789 0.038007 0.034646 0.038846 0.045277 0.052060 0.035298 0.025252 0.026834 0.020193 0.028052 0.030639 0.026454 0.018097 0.027464 0.022828 0.016273 0.019506 0.019342 0.015575 0.016587 0.020627 0.016611 0.016843 0.018801 0.016564 0.014222 0.019714 0.013285 0.014447 0.016279 0.014649 0.025583 0.018320 0.014652 0.015127 0.016117 0.019163 0.018558 0.007417 0.012889 0.013615 0.013967 0.010718 0.021661 0.020286 0.013333 0.012716 0.017280 0.016572 0.024755 0.023982 0.025127 0.020623 0.024562 0.012299 0.013212 0.023356 0.010943 0.013856 0.023942 0.014825 0.020664 0.032056 0.026801 0.021028 0.023843 0.030292 0.023662 0.024988 0.028255 0.015114 0.012003 0.018218 0.018271 0.032183 0.025988 0.014708 0.020894 0.015577 0.010624 0.014632 0.021936 0.021973 0.016151 0.015075 0.016610 0.021468 0.016814 0.018093 0.017354 0.018937 0.024596 0.021207 0.018641 0.019209 0.014381 0.013277 0.011447 0.013223 0.015891 0.013620 0.015972 0.018383 0.020044 0.020237 0.014000 0.011688 0.031855 0.012655 0.021262 0.014985 0.023688 0.020593 0.015443 0.016591 0.015563 0.024538 0.015627 0.014822 0.012344 0.015796 0.016285 0.013922 0.016646 0.020527 0.009604 0.016135 0.018200 0.020696 0.018511 0.023837 0.021512 0.017132 0.011475 0.010442 0.022027 0.012303 0.020848 0.018824 0.013767 
0.047386 0.081707 0.044419 0.059496 0.028088 0.027083 0.067321 0.101493 0.042029 0.094340 0.101540 0.137144 0.147802 0.685941 0.000000 1.160592 0.123747 0.069202 0.126805 0.084734 0.072285 0.081875 0.074795 0.057394 0.065769 0.062451 0.031176 0.035702 0.067083 0.060424 0.059724 0.105833 0.054011 0.041326 0.071018 0.040199 0.040309 0.073656 0.043726 0.035423 0.054774 0.056179 0.047989 0.056430 0.068622 0.033783 0.025548 0.017690 0.023028 0.061438 0.029023 0.028159 0.019052 0.022028 0.026205 0.013242 0.014105 0.021715 0.020294 0.021884 0.017931 0.024318 0.018999 0.019047 0.019479 0.012323 0.035482 0.021569 0.020231 0.017935 0.022319 0.023035 0.016961 0.023392 0.011409 0.040402 0.022989 0.026946 0.027884 0.020887 0.011965 0.014163 0.012427 0.018319 0.028734 0.024382 0.014405 0.016512 0.016967 0.028840 0.019092 0.030511 0.033483 0.026861 0.021770 0.013624 0.020806 0.020332 0.011275 0.023338 0.033476 0.022049 0.027763 0.046072 0.031152 0.030740 0.018116 0.048918 0.035942 0.038339 0.025007 0.020681 0.022402 0.023547 0.020312 0.041149 0.032074 0.032143 0.010444 0.016321 0.015733 0.019569 0.031761 0.020685 0.014272 0.021241 0.017193 0.028275 0.034520 0.037757 0.019235 0.019168 0.020996 0.024350 0.025899 0.024989 0.024347 0.022539 0.013772 0.020548 0.015460 0.019351 0.018411 0.015412 0.030417 0.023420 0.031363 0.006811 0.046793 0.014754 0.029916 0.020219 0.032579 0.026737 0.020708 0.012200 0.022797 0.034280 0.010400 0.024993 0.016259 0.015375 0.009002 0.016375 0.025556 0.022548 0.008597 0.018680 0.024351 0.024051 0.022331 0.024490 0.035731 0.021217 0.017392 0.014159 0.019977 0.020410 0.026867 0.021909 0.010149 
0.038102 0.090350 0.049327 0.043257 0.044235 0.037488 0.070408 0.047966 0.041739 0.058325 0.060312 0.097723 0.105816 0.165075 1.160592 0.000000 0.671348 0.122491 0.136915 0.122019 0.076486 0.057363 0.062934 0.051636 0.069047 0.041112 0.038546 0.051883 0.000000 0.031518 0.030412 0.081026 0.047067 0.049882 0.056010 0.056704 0.043839 0.050651 0.058596 0.037066 0.045744 0.042006 0.045014 0.043084 0.027544 0.022595 0.023929 0.011260 0.022187 0.023728 0.020703 0.041430 0.023788 0.018973 0.021777 0.014143 0.012026 0.007090 0.013949 0.018580 0.019751 0.032975 0.015583 0.018118 0.015643 0.013131 0.014358 0.020126 0.015239 0.014883 0.020814 0.013180 0.022017 0.003243 0.017008 0.026387 0.016119 0.016451 0.023835 0.010290 0.010875 0.014447 0.012434 0.012163 0.029912 0.017955 0.010800 0.012578 0.011983 0.020297 0.021465 0.031051 0.024277 0.023815 0.022984 0.013891 0.015317 0.000000 0.013247 0.022945 0.058059 0.032274 0.042100 0.040789 0.023614 0.017304 0.020850 0.035663 0.035273 0.032487 0.036529 0.019679 0.013288 0.026952 0.014911 0.039687 0.018498 0.007372 0.025309 0.014190 0.012607 0.008181 0.017730 0.018057 0.020679 0.029771 0.020761 0.028410 0.016863 0.007668 0.006066 0.012108 0.014656 0.021085 0.019007 0.017393 0.017844 0.014017 0.012855 0.013539 0.009831 0.018043 0.014179 0.011916 0.016512 0.017913 0.025724 0.020983 0.055906 0.006311 0.017677 0.017514 0.023240 0.020481 0.008908 0.015232 0.020352 0.025077 0.012745 0.019084 0.011924 0.015503 0.014595 0.014183 0.017523 0.017379 0.006236 0.011583 0.018490 0.023876 0.018055 0.018254 0.084498 0.015690 0.013534 0.007944 0.025952 0.011007 0.013136 0.012822 0.017955 
0.023366 0.057523 0.078082 0.057217 0.095708 0.102843 0.072622 0.055592 0.089218 0.041589 0.045714 0.083584 0.127804 0.156625 0.123747 0.671348 0.000000 1.210877 0.313730 0.231061 0.090675 0.070977 0.060652 0.047557 0.042198 0.031070 0.024827 0.030370 0.020213 0.024957 0.025810 0.038427 0.056535 0.085443 0.044491 0.068570 0.078664 0.037934 0.031910 0.066113 0.043485 0.029897 0.032558 0.030093 0.025628 0.038668 0.035577 0.020210 0.022764 0.019952 0.022839 0.027842 0.022421 0.016785 0.012631 0.018089 0.014837 0.019073 0.012568 0.015129 0.019338 0.015547 0.013038 0.013742 0.014986 0.015646 0.013881 0.011740 0.015428 0.011608 0.013918 0.015183 0.017920 0.009395 0.010121 0.018827 0.016891 0.011895 0.014263 0.006095 0.007835 0.008492 0.010435 0.012091 0.018624 0.019210 0.012248 0.013013 0.011716 0.012722 0.015658 0.013879 0.022135 0.018547 0.014109 0.016251 0.006037 0.009328 0.008607 0.008751 0.020929 0.017317 0.015190 0.028948 0.012459 0.016077 0.025518 0.024669 0.016528 0.018059 0.014826 0.015680 0.017085 0.015525 0.010757 0.020236 0.015504 0.004387 0.020249 0.012210 0.009431 0.010443 0.018177 0.013551 0.008724 0.018108 0.012744 0.021540 0.017389 0.025289 0.012055 0.017159 0.009631 0.016955 0.017156 0.011596 0.008769 0.013150 0.011548 0.013478 0.009070 0.006498 0.013279 0.015243 0.016614 0.019341 0.013456 0.011291 0.026760 0.011137 0.022590 0.017070 0.018488 0.015220 0.019162 0.011935 0.020614 0.026277 0.007693 0.011070 0.010421 0.012782 0.008671 0.006417 0.013213 0.010243 0.008127 0.015409 0.015310 0.014920 0.015216 0.008453 0.024435 0.009213 0.006059 0.009731 0.010186 0.009992 0.017713 0.012098 0.009229 
0.019619 0.055560 0.099551 0.042462 0.075835 0.085462 0.034450 0.077249 0.073246 0.043511 0.036742 0.065538 0.086288 0.134810 0.069202 0.122491 1.210877 0.000000 1.380715 0.334250 0.105868 0.025313 0.045479 0.036089 0.034192 0.044663 0.011585 0.023064 0.020719 0.015353 0.024160 0.031766 0.039647 0.102249 0.030302 0.044479 0.080929 0.035340 0.034404 0.066612 0.032039 0.015051 0.028822 0.027566 0.014195 0.020914 0.025951 0.031284 0.016696 0.010860 0.012933 0.014937 0.018029 0.014200 0.014802 0.021654 0.010502 0.009652 0.016292 0.022777 0.014349 0.011725 0.006376 0.009702 0.012970 0.010919 0.006754 0.009458 0.019235 0.006707 0.007229 0.020233 0.009048 0.011065 0.013098 0.036435 0.011665 0.006436 0.016236 0.000000 0.012172 0.006300 0.011843 0.003304 0.029224 0.009437 0.010927 0.008934 0.008117 0.020736 0.022088 0.011969 0.021092 0.016885 0.015162 0.004695 0.006261 0.000000 0.007577 0.006605 0.007283 0.014446 0.021287 0.012467 0.022187 0.000000 0.025784 0.023642 0.035397 0.025013 0.005086 0.008534 0.020425 0.016091 0.007610 0.016059 0.006960 0.022710 0.000000 0.010859 0.011661 0.010423 0.011599 0.009181 0.011756 0.009879 0.004719 0.007812 0.015580 0.021878 0.015002 0.005688 0.006658 0.013100 0.017115 0.013353 0.000000 0.014896 0.007690 0.013183 0.009419 0.016145 0.011023 0.014598 0.036892 0.009778 0.028820 0.029092 0.029425 0.008809 0.019887 0.020714 0.014345 0.015107 0.011314 0.012053 0.023203 0.025708 0.009409 0.006761 0.013516 0.006319 0.004989 0.008309 0.011275 0.007088 0.012669 0.005919 0.009426 0.009136 0.011467 0.016194 0.019944 0.004254 0.010964 0.002300 0.006610 0.011141 0.000000 0.007992 0.009628 
0.031344 0.083856 0.077024 0.055866 0.030913 0.045644 0.067794 0.107848 0.047659 0.060616 0.068494 0.096765 0.084280 0.099151 0.126805 0.136915 0.313730 1.380715 0.000000 1.157096 0.181626 0.128582 0.117640 0.068925 0.071885 0.057508 0.046214 0.043664 0.018966 0.029411 0.054469 0.073851 0.059812 0.072218 0.076945 0.067024 0.054959 0.072740 0.056256 0.037247 0.062885 0.048120 0.050577 0.050816 0.034921 0.031767 0.029585 0.022462 0.027399 0.043137 0.034889 0.039924 0.024837 0.020219 0.019490 0.019035 0.012267 0.025424 0.021349 0.017486 0.018666 0.024224 0.017854 0.017007 0.023612 0.018940 0.014488 0.019503 0.020580 0.014452 0.022482 0.024008 0.021234 0.016952 0.016443 0.029628 0.025315 0.021831 0.026155 0.014422 0.013707 0.014812 0.015991 0.017620 0.033184 0.021117 0.018513 0.018627 0.016155 0.028656 0.035237 0.035216 0.035315 0.020905 0.030384 0.014165 0.022469 0.010187 0.011130 0.009852 0.019826 0.019206 0.028781 0.029445 0.034561 0.012595 0.016772 0.037067 0.029812 0.032264 0.031147 0.015807 0.003703 0.021393 0.014088 0.034294 0.024244 0.022397 0.034014 0.017618 0.008557 0.016034 0.025568 0.020789 0.021098 0.019861 0.024630 0.029777 0.025175 0.024512 0.015059 0.026722 0.020184 0.026242 0.018390 0.018258 0.013948 0.021622 0.019150 0.022130 0.020878 0.013716 0.016483 0.018561 0.015942 0.012039 0.035504 0.027381 0.052701 0.005319 0.027848 0.020427 0.024190 0.020550 0.019298 0.017989 0.026318 0.020927 0.020834 0.016131 0.016553 0.016374 0.014184 0.020285 0.020020 0.015833 0.013225 0.027763 0.021433 0.024317 0.024389 0.016624 0.028980 0.015666 0.013481 0.014576 0.016681 0.016510 0.024508 0.022801 0.028136 
0.018327 0.039871 0.040194 0.049878 0.048698 0.047954 0.052282 0.053020 0.065197 0.063836 0.056504 0.063780 0.076926 0.081143 0.084734 0.122019 0.231061 0.334250 1.157096 0.000000 0.519463 0.166866 0.107203 0.084831 0.077619 0.044340 0.048332 0.026916 0.016109 0.031868 0.036696 0.056651 0.051098 0.087036 0.055739 0.066760 0.068627 0.049301 0.032499 0.066735 0.048552 0.035067 0.040563 0.042743 0.022882 0.034321 0.030544 0.023598 0.020782 0.021911 0.024976 0.025751 0.028657 0.021714 0.016162 0.013768 0.012436 0.017748 0.016619 0.018598 0.020046 0.024709 0.008660 0.013114 0.014524 0.015636 0.012912 0.018682 0.012592 0.014148 0.016124 0.015868 0.020760 0.009610 0.012974 0.024303 0.021583 0.016922 0.015708 0.008577 0.014816 0.014947 0.011991 0.012191 0.011859 0.021108 0.012567 0.011225 0.011876 0.014366 0.027759 0.026904 0.021670 0.021272 0.020423 0.019378 0.006814 0.029777 0.009743 0.013044 0.022376 0.020539 0.022260 0.028437 0.023154 0.019176 0.024765 0.032221 0.016727 0.023523 0.030832 0.018362 0.018448 0.020591 0.023504 0.034214 0.025101 0.018405 0.024502 0.016777 0.009578 0.011385 0.018926 0.019705 0.022142 0.020121 0.015385 0.025169 0.021987 0.014515 0.011294 0.017122 0.017201 0.020655 0.015240 0.014495 0.012413 0.015612 0.013063 0.016844 0.012884 0.014479 0.015028 0.018560 0.026683 0.016587 0.017514 0.015432 0.028103 0.013881 0.018358 0.020362 0.023188 0.018933 0.017382 0.015087 0.012550 0.023341 0.014863 0.018020 0.008109 0.013379 0.016203 0.010686 0.014635 0.011607 0.008113 0.020932 0.013600 0.018025 0.017875 0.016553 0.022929 0.010785 0.008690 0.012035 0.017159 0.016051 0.014618 0.015968 0.018103 
0.028937 0.042924 0.030599 0.038299 0.024932 0.033477 0.044590 0.038938 0.041579 0.057751 0.050362 0.057787 0.040339 0.060157 0.072285 0.076486 0.090675 0.105868 0.181626 0.519463 0.000000 0.624498 0.283274 0.144313 0.111251 0.077301 0.057944 0.052901 0.070951 0.049238 0.056459 0.089084 0.064959 0.061208 0.066545 0.060579 0.039737 0.060141 0.049106 0.052035 0.045835 0.046222 0.041646 0.043298 0.050418 0.031721 0.023822 0.017116 0.019668 0.033639 0.034513 0.035842 0.021281 0.023989 0.021667 0.021394 0.014078 0.016823 0.021267 0.020566 0.018779 0.021248 0.014628 0.020881 0.015971 0.016889 0.021507 0.021578 0.020362 0.018895 0.022082 0.019003 0.021354 0.014602 0.011067 0.020036 0.020207 0.022709 0.021566 0.023168 0.014510 0.016185 0.016919 0.015601 0.025626 0.020683 0.016084 0.017210 0.020266 0.017070 0.024523 0.028227 0.030445 0.021554 0.025693 0.016534 0.017438 0.023993 0.013425 0.014028 0.021266 0.021040 0.020786 0.032814 0.023039 0.019082 0.021776 0.033743 0.032098 0.025272 0.032005 0.022759 0.018097 0.021291 0.017397 0.036701 0.030129 0.014827 0.021644 0.022312 0.010895 0.015906 0.022536 0.022714 0.018498 0.015639 0.016406 0.019007 0.020152 0.018939 0.013653 0.020805 0.015446 0.022516 0.020431 0.017517 0.019061 0.016794 0.016088 0.022165 0.017724 0.014412 0.019551 0.021630 0.032364 0.018112 0.026559 0.017272 0.043560 0.015287 0.024974 0.015289 0.029118 0.021367 0.016948 0.013877 0.019805 0.024976 0.015438 0.012220 0.014150 0.014728 0.014109 0.017272 0.021357 0.018980 0.007911 0.021634 0.021637 0.021455 0.021648 0.024172 0.027683 0.018402 0.014508 0.012430 0.016566 0.015589 0.026724 0.016679 0.015735 
0.037798 0.036961 0.026821 0.029947 0.021548 0.018895 0.053786 0.043557 0.033431 0.036128 0.050472 0.050157 0.042104 0.051541 0.081875 0.057363 0.070977 0.025313 0.128582 0.166866 0.624498 0.000000 2.128191 0.315941 0.136739 0.084468 0.028235 0.046701 0.055721 0.048478 0.048545 0.086559 0.070480 0.060451 0.066804 0.068479 0.033287 0.058272 0.055975 0.036221 0.045126 0.046322 0.041219 0.046876 0.038604 0.033467 0.027186 0.018622 0.024396 0.057948 0.028759 0.023804 0.023369 0.010996 0.015831 0.011037 0.015491 0.023156 0.014119 0.015389 0.017341 0.019650 0.012628 0.014960 0.009993 0.013096 0.017887 0.029416 0.018212 0.020941 0.020333 0.014469 0.021720 0.009484 0.018300 0.009568 0.021423 0.022458 0.022309 0.009041 0.004278 0.017805 0.014811 0.015378 0.030826 0.023628 0.016879 0.017985 0.019515 0.019652 0.024308 0.041491 0.027079 0.024977 0.027727 0.010728 0.013577 0.000000 0.011543 0.013602 0.023114 0.018467 0.026868 0.039183 0.031042 0.043943 0.016624 0.043879 0.032579 0.019700 0.022550 0.017497 0.011582 0.019717 0.012196 0.027412 0.026213 0.019034 0.015723 0.012683 0.013537 0.011957 0.022581 0.020571 0.014462 0.026888 0.020335 0.022227 0.022526 0.015197 0.018338 0.018592 0.018728 0.024537 0.019967 0.015252 0.003996 0.016526 0.017571 0.017082 0.019380 0.009872 0.016903 0.018585 0.036775 0.020957 0.016088 0.011110 0.037333 0.011171 0.022228 0.012187 0.027678 0.019824 0.011218 0.014615 0.027372 0.025003 0.008537 0.014236 0.013036 0.020953 0.015819 0.013205 0.015802 0.017162 0.011442 0.021805 0.023714 0.023356 0.020472 0.022212 0.033153 0.018607 0.013902 0.014762 0.014630 0.022895 0.021818 0.022530 0.024393 
0.052982 0.052935 0.023834 0.032613 0.027619 0.017634 0.038186 0.048140 0.055149 0.060026 0.074196 0.055944 0.060833 0.036514 0.074795 0.062934 0.060652 0.045479 0.117640 0.107203 0.283274 2.128191 0.000000 1.632258 0.228706 0.169322 0.071887 0.067446 0.075169 0.071419 0.090611 0.123003 0.090769 0.039868 0.082635 0.038616 0.027587 0.070148 0.100571 0.031642 0.053633 0.057584 0.044440 0.065937 0.050901 0.024612 0.023796 0.028972 0.018326 0.047770 0.042808 0.019790 0.030511 0.023258 0.029428 0.018595 0.024545 0.027563 0.006905 0.040195 0.019632 0.037984 0.019259 0.019157 0.020232 0.017451 0.026202 0.024717 0.022317 0.026092 0.025176 0.026263 0.050553 0.020887 0.016368 0.038132 0.029685 0.019126 0.033717 0.011724 0.013170 0.012432 0.023319 0.018390 0.037972 0.025483 0.025153 0.015555 0.023598 0.028876 0.023067 0.028493 0.037917 0.029215 0.031595 0.020194 0.007087 0.042492 0.030773 0.019063 0.049489 0.025058 0.024949 0.053755 0.047243 0.018486 0.019978 0.055896 0.040457 0.042837 0.037367 0.017637 0.018668 0.051108 0.021801 0.058194 0.044185 0.016213 0.032526 0.027049 0.016583 0.018185 0.026970 0.028269 0.024449 0.016528 0.018503 0.029831 0.026024 0.023699 0.026564 0.016808 0.033791 0.031626 0.028806 0.037037 0.015755 0.029870 0.025196 0.033351 0.027053 0.026269 0.030113 0.030602 0.037362 0.028510 0.024394 0.006662 0.026318 0.014704 0.029170 0.014575 0.037565 0.032161 0.020408 0.023486 0.027571 0.043729 0.014289 0.022774 0.010893 0.023964 0.014904 0.021521 0.021965 0.016431 0.005094 0.030115 0.027315 0.030867 0.025876 0.031295 0.045220 0.022855 0.020490 0.022721 0.015457 0.034851 0.048478 0.027307 0.019286 
0.039511 0.048096 0.031789 0.025989 0.022256 0.017764 0.035047 0.036506 0.024990 0.056787 0.051201 0.047196 0.034557 0.047550 0.057394 0.051636 0.047557 0.036089 0.068925 0.084831 0.144313 0.315941 1.632258 0.000000 0.914506 0.139005 0.056811 0.063603 0.081250 0.078855 0.077306 0.094795 0.059799 0.048400 0.066500 0.060246 0.036428 0.059116 0.050809 0.039598 0.050450 0.056712 0.045437 0.050375 0.047991 0.029419 0.025102 0.016293 0.024781 0.032204 0.032244 0.034139 0.025191 0.020489 0.023019 0.015317 0.020729 0.025133 0.019269 0.018674 0.021386 0.032287 0.020629 0.019992 0.018787 0.018624 0.021348 0.026519 0.018687 0.022250 0.023644 0.024931 0.022036 0.021061 0.019889 0.026722 0.019599 0.026655 0.027543 0.018256 0.017924 0.020160 0.026987 0.017523 0.032292 0.020579 0.016522 0.018412 0.026522 0.023847 0.029292 0.031033 0.036084 0.026010 0.026427 0.020965 0.009883 0.019567 0.017086 0.023584 0.035754 0.024725 0.030291 0.041022 0.028725 0.023522 0.024328 0.041054 0.032082 0.036810 0.028212 0.021767 0.017518 0.020700 0.026482 0.035885 0.033610 0.022985 0.022013 0.022468 0.013949 0.018453 0.029162 0.025064 0.022290 0.024579 0.022185 0.037543 0.026331 0.016803 0.013928 0.023324 0.027374 0.026322 0.025868 0.026171 0.020232 0.020781 0.018889 0.019792 0.023165 0.017376 0.024934 0.027509 0.023323 0.028347 0.017806 0.012133 0.031833 0.013199 0.019705 0.028673 0.027007 0.030090 0.019066 0.018112 0.029928 0.033085 0.019098 0.018536 0.019197 0.021237 0.014451 0.022004 0.023607 0.029713 0.013179 0.022303 0.025704 0.024750 0.026867 0.030578 0.034459 0.024806 0.016742 0.015032 0.023730 0.017970 0.027186 0.026794 0.025231 
