181
0.000000 1017.592102 123.182770 102.446983 27.581282 35.000828 87.030212 76.655067 43.099113 55.073795 57.375935 49.636120 19.097813 30.457893 51.787510 38.465580 22.448229 19.106495 35.925591 18.791607 29.691761 45.117630 68.896576 48.154850 41.868031 82.240295 14.011536 58.097519 78.671112 89.969673 46.074417 104.673050 44.370708 15.031774 54.553753 31.277258 17.274614 47.408421 72.252884 31.093981 41.403839 41.965416 31.464954 49.158047 54.298862 22.244482 13.279509 13.587769 14.364713 54.881397 31.110384 24.075592 18.619392 14.238461 26.352530 12.439547 13.012589 21.193220 15.432552 17.025372 16.397789 23.512892 8.064223 23.488453 15.083379 11.299887 16.852535 21.053251 22.439932 13.859126 20.540892 16.829498 14.029273 19.692696 11.502842 40.321880 17.758623 15.371606 26.031939 20.413403 12.883145 11.577528 13.388676 13.061141 32.869633 22.132025 14.265834 11.827439 14.820642 23.325752 31.209597 25.532721 21.903975 15.729065 24.760187 8.779848 11.833394 24.775871 0.903557 1.308400 20.227909 5.973783 24.567789 49.894112 55.171635 29.006973 14.299562 53.173843 55.418850 61.315186 69.630287 20.297859 15.422400 21.058847 12.088835 56.965942 50.229168 22.168755 39.886341 20.499840 9.919281 10.773224 24.822079 18.188408 13.685784 30.020147 20.712254 38.453880 26.769089 20.086454 10.360312 26.201639 22.600025 22.306107 19.896862 15.491650 19.054316 15.473181 12.576941 19.785250 15.174387 11.244146 16.318130 27.151831 24.979580 14.269660 21.145494 15.304029 39.874680 21.822897 20.206152 11.713840 41.823479 19.751692 13.233434 14.623822 22.827396 30.625631 14.055096 13.804386 11.366077 8.930004 18.621910 20.753815 16.372181 20.261110 6.139375 32.016613 19.248165 18.951740 15.630939 16.202265 34.296276 17.855680 10.908389 11.723330 12.694263 17.300194 33.224274 15.078757 7.470604 
1017.592102 0.000000 1846.189697 654.190613 162.913834 182.018402 380.327545 332.108978 126.035950 147.515396 109.140694 103.277199 71.859856 71.881157 138.639709 135.885941 80.424240 79.241547 153.355347 61.374275 66.147476 72.174515 119.398087 97.193047 80.166016 126.873604 43.583179 152.477066 40.784691 89.952614 76.776138 142.187057 65.376015 46.464417 90.905678 75.668892 39.040421 126.783844 99.710419 56.893230 81.797478 59.867359 46.323105 76.282913 89.013687 56.836231 41.002472 20.171953 33.511307 23.278601 47.550533 56.165733 30.513603 30.925966 56.354446 24.555471 23.029411 37.455658 15.429626 23.831001 26.611652 36.258770 15.541135 29.589838 19.318834 32.604893 23.046797 23.003201 28.946424 17.691002 35.340748 26.174257 31.170250 20.099148 14.908264 47.033276 50.491508 29.883568 31.216190 54.425423 17.759756 12.276869 31.234320 23.589846 47.188473 31.111349 17.115755 19.102242 29.964945 37.854912 46.805519 41.557014 48.501301 23.819038 26.322296 12.801517 35.493450 14.449851 1.288162 2.374053 37.751602 12.118422 20.413193 70.751434 68.533577 67.670097 22.934534 66.921051 65.421898 68.411224 100.976128 19.857578 26.984083 31.263269 20.368061 69.611839 61.252750 15.515186 19.589575 27.804588 20.418175 25.132757 37.685638 26.519733 30.049358 25.466808 21.139750 45.566326 45.953304 16.869423 10.663004 18.893356 31.634035 39.895580 26.725060 31.803488 11.112909 25.783745 19.115866 36.925465 30.541338 29.616058 31.300701 28.654831 42.198872 38.045208 42.752781 41.653069 120.930252 27.413313 36.139706 22.504679 50.467041 34.187305 28.299477 15.051080 40.723511 58.364548 20.984964 17.108442 21.544104 25.567438 8.354400 20.749878 25.275782 15.039487 14.322492 41.080196 35.923096 25.312408 24.838667 36.538181 45.222744 30.628939 20.358467 18.647217 33.562908 17.575895 42.277424 28.781258 23.963642 
123.182770 1846.189697 0.000000 875.462830 339.331451 299.193024 234.969635 271.790405 134.633362 93.711716 68.521545 71.833572 61.486126 83.599236 60.523270 60.937824 90.812317 117.712135 111.405983 50.608974 38.562843 40.843491 40.540359 49.715599 35.041229 31.520920 36.995522 26.844730 27.696024 61.084919 24.330626 81.862885 33.296600 34.529705 57.616653 40.374046 39.339684 52.207291 53.201691 42.498489 32.500870 26.305956 30.005178 33.375858 51.147732 31.883888 29.081421 13.698346 24.273943 13.173340 27.192053 33.903080 21.940033 17.112064 10.437031 15.159185 13.506225 16.278622 15.716900 12.946504 12.988827 30.936043 9.998200 12.651673 13.119013 13.661651 17.491840 18.154121 18.402210 12.427847 14.643553 14.811987 22.225412 15.598750 8.099110 35.133232 16.704273 16.741972 14.260644 9.239789 18.554272 9.170658 20.503548 12.681998 13.351956 13.934870 9.040071 13.452372 8.869886 19.279854 24.721388 23.517075 19.114765 18.360817 19.861019 9.562565 10.712379 14.718883 1.113335 0.998010 18.159058 6.172023 16.527971 35.646889 29.512987 40.209171 18.406059 28.264368 27.502201 61.238266 38.757389 24.895132 21.378376 15.164448 25.535114 34.379589 32.552959 0.000000 16.628584 15.105207 11.092442 11.093631 21.222237 16.808392 10.840627 7.926404 10.253969 21.273401 33.606373 11.455668 7.241021 9.056527 17.185604 17.668858 12.417343 12.761909 13.206449 16.508673 12.981180 13.677438 12.726804 8.619275 15.510876 14.338130 17.739655 22.606237 20.099430 20.204086 50.536114 21.275202 21.874134 18.557264 22.847403 19.178333 13.976420 13.627828 27.654476 27.333885 13.359794 15.035037 10.128563 18.648403 11.346594 16.908964 14.875684 14.589997 9.726102 21.556536 24.394617 14.668051 16.867414 11.978355 23.032358 14.143638 8.887503 11.818736 14.747677 8.841051 25.519739 12.667892 8.136601 
102.446983 654.190613 875.462830 0.000000 2642.468506 1105.504639 456.741699 331.036987 178.317276 146.781479 80.631935 92.568092 63.157131 85.184067 97.077896 62.834675 77.449265 58.595425 97.952736 74.095367 56.955269 55.911102 69.855278 50.135464 64.632637 49.687111 55.247532 81.132042 68.933434 33.785782 45.417896 101.875450 73.664772 48.157143 70.165405 75.366089 42.571163 53.571850 50.157280 44.473881 50.741566 35.712902 40.953964 41.535072 78.117783 39.678360 26.950588 12.176504 21.397375 45.902508 33.839542 39.554226 30.337324 23.231298 33.553661 11.319039 16.808018 10.129084 21.732359 28.195061 26.003170 21.999319 11.059916 23.153763 19.241528 17.001438 26.350704 23.642956 16.134722 12.372811 21.766817 31.950518 17.122072 13.345812 15.118582 19.873665 19.693775 23.360218 15.828284 0.000000 9.236053 15.562579 21.996498 12.459706 29.908861 19.579054 14.464345 10.164177 20.777897 9.997122 26.369904 30.436811 25.251499 26.113583 14.829798 12.982115 6.665588 18.317125 1.286541 1.146450 17.281054 9.217035 22.558969 40.503780 16.951323 57.187290 14.976794 42.070862 32.909145 42.046257 40.811852 23.235828 26.604628 23.904047 14.564707 37.436153 20.255501 30.594017 16.554945 18.797892 5.751729 14.867600 29.517416 23.905651 23.807247 21.521734 20.417120 31.287445 19.915211 17.424210 15.018655 12.209736 28.515831 22.965521 19.019005 20.768433 14.087105 13.073743 15.403239 19.857933 19.357624 12.871656 15.013238 17.206032 18.680004 10.717203 18.064962 40.229225 31.445198 23.166704 25.893700 8.150772 19.902945 21.354464 16.306086 12.719509 26.473087 25.512035 12.192244 13.607685 15.405666 16.005016 7.060216 12.859370 13.765526 10.894040 6.051894 18.936243 18.628916 22.246902 12.058601 20.230434 16.903791 12.942098 7.987909 14.707996 6.673803 14.853205 25.803705 16.215160 11.966750 
27.581282 162.913834 339.331451 2642.468506 0.000000 1025.500977 295.849884 203.310211 230.097137 97.831345 47.343853 68.077736 69.579277 101.917664 39.405022 56.111683 114.116127 91.966927 46.121750 62.992832 32.280682 33.904884 48.728683 35.995949 31.777163 51.305992 7.226028 18.726276 13.524085 23.199574 33.944988 38.949020 28.904659 47.675930 33.359425 34.052860 62.640438 50.986080 29.914761 35.844692 35.780338 26.157721 27.885410 28.860285 29.516680 24.582687 33.839680 29.622540 30.126549 20.584311 25.726114 18.624393 24.283730 25.067680 14.439931 7.402294 16.661423 21.859529 23.876623 27.394608 14.339562 14.797911 10.849252 29.799116 15.100019 18.862944 17.082678 10.720142 14.704162 14.564569 17.876272 23.144819 14.470349 11.425403 11.864489 28.072971 12.020498 10.404769 14.679880 27.070965 10.872154 12.212921 11.738170 13.037207 11.735669 17.559885 11.351068 15.483716 15.286597 16.475260 3.449016 21.129616 24.985916 21.346821 19.396437 6.791913 10.461800 19.166113 1.553275 1.649433 12.518321 6.429492 8.331022 19.676941 29.931194 28.049009 22.815073 27.061979 28.924948 35.058575 23.292795 26.338861 20.878302 14.809726 20.781507 32.526161 22.960524 13.719440 25.983383 11.801498 13.541214 8.750647 17.677902 12.897670 13.078116 12.667080 22.031048 17.942720 20.317308 12.430780 15.086169 15.478190 8.391803 17.255554 16.791067 14.380833 7.370017 13.191142 11.793051 20.592813 14.270453 10.662365 14.025974 11.502250 13.326689 6.307840 17.448242 11.838888 30.846245 18.180349 19.799356 10.660694 13.387778 18.729723 14.502582 20.629030 22.852581 16.684063 15.656743 16.018192 19.783279 11.932122 19.946121 8.256719 13.037695 19.948200 11.081692 12.383702 16.243628 18.130005 14.720428 17.547243 16.149248 13.812795 11.572814 9.068933 13.093369 11.656231 7.788372 10.250729 11.558216 
35.000828 182.018402 299.193024 1105.504639 1025.500977 0.000000 1805.078369 456.132019 386.272339 127.444237 73.534996 87.170273 98.300476 100.767097 40.802879 50.707371 130.237595 110.193985 73.473656 66.230942 46.281895 32.216412 34.058670 31.205194 34.929317 30.600592 44.894188 46.537380 84.023041 45.299683 40.070042 58.585648 69.587311 56.350842 42.450211 46.767033 69.532654 42.235813 39.127529 67.981346 31.551929 32.502773 37.585941 29.532501 33.855240 32.582062 36.792118 27.309195 31.297541 22.380247 27.841764 46.284184 28.103432 14.158327 22.164400 20.235292 23.290836 13.580985 27.549181 20.947498 11.650162 20.685852 16.177132 26.190151 17.625675 17.150129 21.226406 16.394482 16.240829 15.081233 20.238054 17.974394 24.401979 18.929134 9.828296 38.758446 16.003176 12.928642 14.966779 22.425028 10.132051 8.093545 21.449244 13.769684 27.544491 15.819040 9.402990 9.328284 16.462032 16.572283 21.428204 21.688915 25.336983 22.280912 21.088734 25.318262 16.249384 5.953804 0.675518 1.583731 9.073679 8.488405 9.704877 26.330723 42.701435 27.882259 21.476744 33.626377 11.552542 25.625116 43.414352 31.469086 11.118312 23.309334 19.366840 20.859871 24.140797 4.261838 28.250378 19.246729 8.973810 16.568808 19.693665 21.125504 14.702798 17.488577 19.909161 32.855888 22.332699 23.169153 15.816606 12.821812 15.641090 19.535330 17.966270 10.721505 11.447192 11.534340 14.287336 21.438587 14.300018 16.037928 18.822500 16.777962 14.903396 18.288494 12.195363 29.421268 84.322891 16.135956 26.544334 14.571313 11.090158 17.148504 18.020458 15.710543 12.907230 23.218832 10.808102 12.439816 16.388058 10.144437 17.899866 9.119593 20.828875 10.623006 15.736875 10.771323 9.419120 18.077848 17.855642 14.535773 18.633226 17.668154 10.185846 12.293207 4.880824 10.728644 21.290697 15.372527 11.669028 
87.030212 380.327545 234.969635 456.741699 295.849884 1805.078369 0.000000 9378.188477 1139.767700 390.570831 172.109161 199.427109 87.600143 132.766846 150.899628 134.964035 126.955170 61.746346 167.975220 103.238831 88.174583 145.806366 127.230087 99.667854 85.522758 128.601044 45.280998 39.115292 0.000000 62.304527 60.268414 175.558517 94.337196 61.937065 104.941093 112.309471 57.570843 99.025665 78.929314 65.020508 94.024811 76.102974 66.144676 73.758171 118.565750 41.078491 49.226383 19.959776 26.821806 107.490837 64.137108 56.192467 47.242619 25.387230 35.484715 27.831327 11.600747 24.905457 24.936646 24.209148 34.560413 27.046034 28.327282 42.508198 22.938761 24.985847 18.780081 41.339344 25.594940 20.281565 22.403883 46.330338 45.338314 25.854059 8.260815 117.277184 44.836281 32.082626 40.098042 9.424268 34.064499 23.809565 12.980432 16.339205 32.684486 23.841311 10.537786 20.581436 28.737467 42.607048 57.634209 51.811077 39.592697 27.645216 27.347702 23.053699 5.463130 40.034016 0.648894 2.192477 32.685207 8.393669 21.752213 75.878830 64.835587 58.588531 25.994144 92.704010 75.522736 99.075958 85.144135 48.668346 31.150301 47.432800 21.704119 83.281754 55.338169 57.314106 94.979279 33.894943 20.742168 13.055912 44.565201 39.186249 16.910809 33.808582 33.467831 61.149300 47.335388 20.772247 21.664408 40.028503 40.900364 28.834604 40.918549 34.043705 23.091642 17.348530 17.243258 37.201382 20.192518 19.927094 28.125443 27.159603 64.024353 43.919216 38.723602 32.971958 128.862762 21.699978 57.681755 22.267969 97.874985 68.979118 35.638676 27.799833 52.073761 55.759251 19.985579 22.305777 32.140224 20.988394 13.887765 30.660563 17.895990 29.762596 16.533817 15.520185 35.060539 34.129574 21.230696 27.925741 39.756058 22.911922 15.108247 17.221008 19.144522 21.642166 42.297546 26.579962 21.124868 
76.655067 332.108978 271.790405 331.036987 203.310211 456.132019 9378.188477 0.000000 3177.964111 691.959167 206.708405 278.862396 171.933319 119.291512 236.937225 95.189026 100.301521 143.013382 279.530853 108.506378 79.802193 124.056160 170.495224 109.347649 167.251266 165.949692 89.894814 116.481369 84.122635 41.230343 126.686966 140.262192 179.793030 61.480762 130.001633 111.482071 103.903099 127.970421 88.141296 58.674080 118.459991 116.218925 99.956009 107.710213 141.230713 71.357750 45.104973 23.775274 58.368446 64.019363 67.105919 51.487831 45.907318 9.450073 31.700964 36.835052 25.909384 55.624439 53.041996 19.661560 48.028122 69.034576 43.865002 31.646273 14.231104 28.617430 67.110214 35.905441 35.568928 17.615627 42.006676 47.988537 45.004299 23.689466 12.299934 58.206589 64.088585 36.982765 42.143963 0.000000 5.635590 25.322309 38.654408 24.328245 97.331085 38.229156 35.303013 17.511265 25.356222 48.799793 42.907207 51.429379 53.592289 23.900703 36.194969 21.123562 32.537292 29.804308 2.898508 3.264487 58.399937 19.996395 16.193970 103.564751 124.118866 0.000000 38.703960 87.532219 51.405495 64.138725 54.332268 37.807671 55.657459 30.706533 25.853064 91.370117 65.916580 42.668900 40.405521 22.939932 5.615279 18.143618 26.542128 40.113102 27.116207 43.773270 37.373924 52.866703 58.328266 46.393234 32.257202 50.431114 52.198772 42.933262 34.814651 17.890356 22.921524 30.389505 22.006575 24.233547 48.677696 27.925110 52.346699 46.660698 66.315834 52.314785 40.699394 49.093571 115.122063 48.465244 64.819023 72.942924 111.033043 33.724491 42.451340 33.114033 103.380241 45.662479 48.694111 33.212170 75.200974 31.250654 27.570902 45.652016 37.073002 17.725998 9.847206 53.920460 43.783466 45.944321 41.421871 31.185005 60.988529 25.270140 38.992050 41.025932 40.721748 16.112043 29.067183 28.582819 35.947266 
43.099113 126.035950 134.633362 178.317276 230.097137 386.272339 1139.767700 3177.964111 0.000000 1254.364136 149.273575 132.682327 90.706467 125.262825 72.011124 63.319176 125.741508 105.324341 88.077927 101.249420 64.642548 66.017143 126.013802 51.089371 54.363026 40.334354 37.373436 19.370682 41.968414 51.424095 35.113094 93.301582 59.798630 78.184761 65.272995 64.887566 65.659943 61.993328 63.516994 45.859840 56.711323 43.969009 46.445324 44.604515 61.064793 47.466755 31.253714 17.792070 33.206745 63.877953 40.346306 19.265289 31.522352 18.072634 22.844568 13.782634 16.516655 21.583944 22.934093 29.427198 21.108515 21.047306 18.517279 27.065460 20.352859 21.891567 27.900826 24.310591 24.505251 22.598639 20.956947 24.938824 32.074924 33.485950 12.272765 29.039011 31.085360 24.088203 28.033918 0.000000 20.618187 21.897526 17.856030 20.903049 18.883688 31.787260 18.917149 13.589789 23.718952 22.722933 42.812435 29.459057 33.272659 22.523027 27.587864 19.320496 24.349068 19.825649 1.687062 1.628638 15.107281 9.976113 14.542379 46.970901 42.428280 29.014223 25.745647 47.028622 35.263214 59.730587 54.212261 27.245224 24.682009 17.361935 26.870790 53.181503 27.404577 10.643662 23.517826 20.600336 21.477694 20.258724 26.483501 28.502296 19.970135 23.294176 31.076147 48.842525 32.333019 15.430253 13.166980 23.635021 24.594975 32.922127 28.465656 20.825981 24.776800 22.741787 16.163502 25.907166 15.237701 18.575619 27.276226 26.899965 22.056452 18.487226 34.969288 28.574661 51.052345 26.865664 36.649647 13.233056 30.005028 30.590910 28.238380 17.208797 34.383965 26.232449 13.496265 15.879013 14.779595 23.386221 4.585001 18.030676 22.348799 29.478075 6.550303 33.305599 24.083723 23.847538 17.764812 19.879745 28.637093 16.809549 8.479496 19.614836 23.024685 18.755865 24.169151 18.647488 15.692189 
55.073795 147.515396 93.711716 146.781479 97.831345 127.444237 390.570831 691.959167 1254.364136 0.000000 890.847351 201.640472 91.935806 101.895485 171.208862 93.086037 61.438229 65.645676 119.207573 104.424919 94.582001 76.255409 148.203140 124.390137 106.736382 126.616745 94.187996 97.635414 82.264145 146.878021 116.513824 181.696991 111.457909 35.366169 120.842918 71.641144 42.820347 129.029648 132.711426 41.803833 85.753830 107.156982 83.373055 97.954514 144.029572 52.691975 47.784191 24.080376 62.658081 69.312683 50.479515 79.121941 44.272461 39.605556 47.239017 37.307743 32.576115 37.127117 34.086102 54.019230 39.298962 46.613647 30.639931 37.262863 31.014359 33.582233 47.658115 51.593430 41.526783 38.671627 37.971851 37.710274 61.075150 44.677483 44.676155 94.867752 38.797382 39.179527 53.642178 58.809628 37.790291 29.715445 45.000511 36.819050 66.853172 45.014076 25.755310 38.733749 39.407986 41.586029 68.933090 72.645683 63.139515 39.325451 49.722004 29.509838 38.636696 16.654772 3.644322 2.410562 27.195107 14.665966 36.197033 105.222572 95.367447 121.868706 33.042679 93.593849 88.869850 102.146820 136.624954 43.134460 49.244232 53.192711 41.534554 101.204254 93.620918 56.628452 67.736320 30.765432 26.671654 34.399261 67.273041 44.321301 42.752117 51.978958 27.846275 77.958412 42.779732 45.368282 25.809181 35.866879 44.968708 55.313244 44.583393 45.820530 16.010805 39.482647 35.098732 50.298149 35.201683 31.696985 50.215164 59.101501 49.796101 38.369259 50.224110 41.150539 91.135147 38.366993 62.481468 36.128902 89.190735 55.679554 41.513477 34.695488 52.353439 61.471291 30.989706 35.958256 43.932739 29.468805 24.073023 30.293764 43.051579 44.574127 38.518620 48.424782 61.165958 35.982330 42.029564 31.222143 79.688576 33.184490 20.112850 28.656828 55.750935 37.139343 60.910740 39.009026 34.525356 
57.375935 109.140694 68.521545 80.631935 47.343853 73.534996 172.109161 206.708405 149.273575 890.847351 0.000000 635.636475 73.118454 88.190155 160.693665 85.254623 60.326687 49.405293 116.218651 81.632980 72.833939 90.998306 152.701492 95.277328 103.257172 128.622421 108.692459 105.159378 142.398605 146.232269 108.075684 185.009476 98.730865 32.649902 113.657501 78.180397 34.757633 91.492508 89.994377 34.998672 55.266846 83.375885 55.926235 88.865005 99.042587 48.480679 34.842926 28.267742 40.115585 87.727112 58.669201 54.991306 33.900974 25.137535 32.793327 24.495642 25.409861 36.368011 31.639174 40.678131 29.588633 46.681484 30.462559 39.721405 32.807880 28.373264 41.022518 32.456783 32.152592 25.153322 33.661209 32.396336 49.750881 23.869255 32.718266 51.610538 37.883987 36.766598 44.917278 20.359802 24.530516 22.044519 36.351250 32.030167 67.341248 37.198631 28.456753 24.466576 20.694416 36.189232 44.962162 58.038059 52.271049 35.106346 37.199062 26.817684 39.341076 28.829283 2.219585 2.518635 24.583361 15.514080 28.195553 90.310822 77.259811 70.317932 27.731699 83.311798 76.139580 80.652626 106.569519 44.697670 19.441021 32.177162 32.822083 74.176918 71.730194 30.954765 48.854610 31.435083 20.821056 24.862589 46.763035 29.394571 31.225145 32.814480 38.159676 57.766109 56.811913 37.396263 22.692316 29.194870 38.569614 43.643627 40.691490 38.455753 32.333679 28.905415 23.947477 33.486813 30.466921 30.106638 39.663471 38.614838 57.464451 47.967754 46.476048 41.551575 95.889839 44.275314 49.375084 34.209286 49.225319 40.529396 24.380905 29.695160 35.416046 52.199337 22.678318 25.767456 26.451212 27.709286 26.668940 29.899017 39.222080 37.149895 19.050125 37.875549 40.993717 34.565449 24.426683 30.164816 58.993343 30.146917 20.067089 22.735510 37.420086 24.459715 35.926353 31.192341 26.802860 
49.636120 103.277199 71.833572 92.568092 68.077736 87.170273 199.427109 278.862396 132.682327 201.640472 635.636475 0.000000 185.641968 217.453171 201.179932 129.049698 103.497910 82.593498 151.394012 85.958542 77.956955 82.978241 104.432457 80.373703 77.113495 106.965187 82.594124 61.644379 111.298653 104.553986 94.670578 165.892105 80.943771 42.531906 88.939629 81.942566 36.658463 93.653015 82.062798 53.908947 70.184937 57.020714 57.047737 77.773018 91.351639 53.948589 29.838123 19.659958 33.644596 62.349323 51.980755 53.929203 30.586594 26.047796 34.174992 20.306128 19.361553 29.528475 23.392445 33.720909 27.233023 43.694862 19.097216 32.233006 23.640221 20.403605 30.007841 32.800919 27.824896 22.196571 25.972275 35.713882 41.585621 27.424603 21.697943 55.618599 33.367439 31.034391 38.205017 33.005173 20.297380 16.379118 22.414000 25.928852 42.924706 31.913050 20.182354 21.666670 26.092587 30.847569 44.153263 36.121994 44.118916 28.693932 37.467800 25.230453 16.741100 30.669846 1.633374 2.228101 19.078068 14.697932 23.091894 62.282539 64.368523 17.953745 25.603683 63.101437 73.207535 74.487251 71.884438 24.547600 28.636896 36.112312 24.703581 77.713356 46.028076 37.635456 49.003735 28.327351 15.684095 22.480829 37.346252 26.535868 24.486904 35.392086 26.555225 45.334991 47.874821 30.690338 17.890259 22.914972 35.170315 38.569908 31.987225 29.806515 22.744781 24.347515 24.263206 32.571178 24.835197 20.269196 31.807112 28.580809 41.432453 37.972225 36.895462 32.476681 93.079872 21.374020 36.209339 20.471247 49.987667 39.886921 25.742451 24.644024 50.341709 50.955116 14.714319 16.172890 22.612459 21.247379 21.785320 23.908337 28.271599 32.572811 14.475965 34.537418 37.380768 30.495705 27.561895 28.270327 37.708549 23.775087 15.432465 15.454567 31.727568 23.290882 39.169582 22.140469 11.890028 
19.097813 71.859856 61.486126 63.157131 69.579277 98.300476 87.600143 171.933319 90.706467 91.935806 73.118454 185.641968 0.000000 750.675720 173.742554 114.241699 130.867126 89.650421 104.285950 84.442528 44.315292 54.436729 86.324448 45.697647 45.548641 51.706444 30.343451 3.931758 14.197543 62.626743 58.798328 60.256828 64.481056 45.167118 52.319965 50.800632 53.484589 55.403107 61.155994 51.493210 46.043854 41.680809 37.708904 44.911503 42.904415 48.172752 24.740482 14.044102 27.478989 51.322205 36.590397 43.448513 23.743469 22.328707 25.859465 24.866898 13.118334 19.818787 30.436808 15.485495 23.159430 21.360353 27.334829 24.416018 19.694855 16.904371 17.933344 19.478031 19.295481 14.440404 20.434584 17.210630 28.211725 20.990118 10.379420 26.196377 24.336803 18.204824 19.757557 14.209509 26.631628 16.240046 11.597832 16.423704 43.804695 24.425468 13.240354 15.269624 16.582752 21.413696 25.345371 27.003941 23.516680 17.479666 25.961960 15.151526 13.728457 15.090396 1.549092 1.810277 19.712543 9.280786 21.864706 47.669529 37.240505 35.334919 21.048021 35.796078 36.872181 38.969353 36.679058 20.206104 9.393419 21.766090 27.270454 38.551788 18.541454 36.006569 27.277279 24.778355 10.424720 14.435775 24.317652 25.233517 18.305822 19.208023 8.410229 34.698292 22.149399 14.354775 11.878062 22.439037 32.302197 19.725037 20.075436 29.187447 21.276808 14.360911 20.427511 26.876774 17.397383 12.960685 22.381128 16.275036 27.980637 20.969515 19.461933 24.856857 32.382298 40.897877 24.614178 11.191566 30.451309 22.766996 16.120342 12.574622 39.257298 24.520832 13.697001 9.809246 12.691817 12.526307 9.306391 16.372660 27.764921 17.949909 8.309662 15.600450 19.326180 20.677637 15.453461 29.824547 26.035629 17.486055 9.111829 13.848055 26.116219 16.315569 16.352421 23.006670 12.892143 
30.457893 71.881157 83.599236 85.184067 101.917664 100.767097 132.766846 119.291512 125.262825 101.895485 88.190155 217.453171 750.675720 0.000000 982.962280 213.445755 190.141861 166.509018 151.307983 107.032021 79.425514 83.051453 66.168617 78.812401 76.342598 63.165962 30.526884 38.425117 40.809635 74.006271 61.458473 122.479362 87.221329 69.476089 67.917755 87.613266 78.128593 81.515190 57.012226 46.680981 66.522858 52.715496 45.067856 57.375244 73.995056 70.223305 42.668648 29.411390 38.151737 32.609974 43.072071 43.711174 33.765091 23.380573 37.934357 32.165005 22.205549 27.584225 27.790312 22.255869 21.968040 29.768982 24.226257 25.879528 25.129843 21.657337 19.533932 26.625380 17.501728 18.068066 21.577034 21.534216 39.922318 27.006790 22.674419 26.354742 24.354382 25.416567 26.578384 10.891741 19.684378 18.180878 19.585478 14.555967 33.052132 29.143330 15.984474 16.140648 22.449015 23.673790 39.548836 37.701401 34.144997 25.250738 32.484020 15.371216 18.941418 31.809113 2.015448 2.262386 23.923971 10.185699 24.510815 52.981842 45.493988 33.855740 30.876244 47.363346 39.900593 48.539440 54.472599 24.455046 18.000391 26.813477 25.710808 56.989971 44.768501 22.769524 35.282799 21.812128 14.165259 20.118502 31.638508 29.012640 20.671568 22.084732 24.174488 35.335499 25.938232 24.756952 20.770010 25.354822 35.451790 29.853201 26.178427 28.351345 20.015471 17.985947 15.124113 19.145805 21.392012 17.949841 22.347132 25.956028 29.758345 29.820307 21.718533 21.434679 67.017723 25.078930 32.388401 18.658138 37.705105 32.125973 20.079174 22.088417 23.822153 37.053944 19.947908 20.139889 17.245823 21.603485 24.744148 21.039402 22.705912 28.377520 12.420417 23.168453 25.161547 24.584938 21.575264 29.752703 29.934881 22.556686 13.968629 12.936645 30.027542 14.850944 29.142260 23.039089 14.386979 
51.787510 138.639709 60.523270 97.077896 39.405022 40.802879 150.899628 236.937225 72.011124 171.208862 160.693665 201.179932 173.742554 982.962280 0.000000 1854.766846 183.036621 104.538185 249.788635 138.800690 118.547371 173.118408 185.051514 125.949692 136.147949 160.324722 94.085075 113.783516 215.218292 191.787628 157.146347 290.634796 122.835632 51.309029 136.642853 70.007156 55.581463 148.817245 88.833168 50.491890 93.508133 97.984756 77.264870 106.590881 147.813904 56.902058 37.591125 24.883514 41.440613 130.284576 57.627842 50.894070 29.964922 35.166473 45.467026 23.559584 24.104088 38.811508 37.009628 39.631790 29.521805 44.600300 35.315140 37.853031 32.436821 19.967583 61.133442 36.386116 33.090584 27.508797 36.780956 43.249676 34.391998 44.077698 22.885815 94.764099 44.717297 44.440964 50.643005 39.163582 23.593128 23.557919 21.976210 31.120539 56.593327 44.456814 20.983152 25.794287 27.275326 52.209488 39.917549 62.465504 56.921352 40.147190 35.777565 20.879963 37.837727 34.659531 2.134768 3.904748 39.238899 16.859060 39.923885 100.728119 70.565361 64.925629 29.005779 99.442474 80.702492 104.422005 67.395393 43.966663 43.149498 44.278828 36.077538 98.664993 74.099464 64.505753 23.493858 28.811081 26.120110 33.758839 58.204327 33.925575 22.523949 39.705185 31.872330 61.478863 68.960648 64.741020 27.963499 31.989010 38.444683 43.270271 45.884216 47.157452 42.648827 38.167267 22.605841 37.843430 25.972832 31.662352 32.466213 27.492685 57.839180 44.106853 63.105953 17.127325 142.800903 41.330963 58.795044 30.845665 67.788376 54.192596 33.322594 20.216921 45.082962 66.617683 16.358780 42.484798 28.620481 26.347580 17.634262 31.853331 43.651226 39.165882 13.741619 34.039467 42.299397 34.647774 31.437025 37.473988 62.579796 34.676342 25.811192 21.469137 34.095928 29.978800 47.323257 32.727688 12.540958 
38.465580 135.885941 60.937824 62.834675 56.111683 50.707371 134.964035 95.189026 63.319176 93.086037 85.254623 129.049698 114.241699 213.445755 1854.766846 0.000000 893.188599 166.082962 234.765732 177.865417 111.608757 104.582497 131.183807 97.199600 123.601334 88.398232 94.729515 133.267029 0.000000 80.688751 66.750214 184.277283 91.348045 56.620842 94.088844 87.269203 54.745598 88.785141 103.201889 47.697178 69.170418 64.733826 64.615318 71.217606 51.026176 33.761246 31.687202 14.316545 35.147205 43.368710 35.746044 65.883423 33.439838 27.029715 33.405899 22.180634 18.201893 11.164957 22.357876 29.598564 28.920662 53.117138 25.397881 31.306536 23.137423 18.955532 21.889376 30.114767 22.183161 20.457216 30.502535 21.672621 38.714050 5.349328 29.626162 52.574612 27.335751 24.125380 38.066181 16.899357 18.664429 21.347349 19.396814 18.311903 51.282864 28.775135 14.172066 17.574335 17.177097 32.323864 38.755573 55.055588 36.574013 31.982382 33.600937 19.079678 24.490862 0.000000 2.472606 3.791083 62.517624 23.329536 54.607716 76.535988 45.674164 31.517839 29.779911 62.844734 67.712723 73.381500 81.791939 36.046646 22.343168 44.376667 23.351562 80.564308 36.384697 12.846774 48.661263 22.101654 18.597162 12.486147 28.540421 26.350414 29.157721 48.763329 33.757683 53.057114 29.269176 11.640082 7.946195 17.944523 23.574051 33.034054 29.699036 28.727671 27.604897 21.044283 18.772959 21.888748 14.655905 26.274084 22.064798 18.731503 27.453810 29.533054 44.930580 44.343353 138.644043 14.591942 30.249405 23.958210 41.787361 35.999794 12.781271 22.432478 35.016499 42.494076 17.918814 28.748669 18.524902 23.522408 24.903185 24.053633 26.509653 26.684763 8.894405 18.553598 28.392752 31.019321 22.973482 25.037863 130.697495 22.825041 18.061150 10.808095 39.233677 14.553067 20.420313 17.211462 20.293163 
22.448229 80.424240 90.812317 77.449265 114.116127 130.237595 126.955170 100.301521 125.741508 61.438229 60.326687 103.497910 130.867126 190.141861 183.036621 893.188599 0.000000 1536.886230 495.198273 313.786041 123.257133 118.525024 114.420769 81.770882 69.294266 60.280109 54.296246 69.075287 46.190788 56.597790 51.012413 78.416672 99.956345 91.743385 68.911491 97.941666 92.424263 61.101833 51.623882 79.898834 61.102917 42.755714 43.584919 45.922375 43.426983 53.734947 44.167156 24.151258 33.398907 33.394688 36.280220 40.993507 29.435493 22.312393 17.986862 26.293425 20.865606 27.827837 18.639845 22.311609 26.371698 23.164841 19.639172 21.844881 20.629324 21.056099 19.653044 16.335510 20.925531 14.923350 18.995028 23.056217 28.947584 14.308379 16.209011 34.091286 26.392736 16.245453 21.083817 9.245943 12.377754 11.679522 15.093117 16.920593 29.393871 28.488052 15.076821 16.986919 15.663167 18.756788 25.915848 22.591431 30.996355 23.330854 19.211773 20.877674 8.932929 13.092166 1.591538 1.433994 21.377829 12.077774 18.495205 49.628712 21.960173 26.823969 34.003048 39.929218 28.931829 36.626564 29.833233 26.295698 26.486095 23.604855 15.615188 37.269363 27.748772 7.028702 35.497944 17.634481 12.949802 14.801361 27.065966 18.421452 11.485956 27.400364 19.153492 36.769440 27.757072 35.663597 14.813727 23.663349 14.330878 24.621910 24.851229 17.682106 12.585949 18.355186 15.708628 20.149643 12.578057 8.816683 19.161985 22.204744 25.489292 29.443592 21.602659 21.565380 58.998074 23.063490 35.591389 21.846619 30.483494 24.578087 25.640505 16.364286 32.639832 41.028141 10.100790 15.500961 15.015274 18.017349 13.624983 10.026802 18.575184 14.599717 10.813978 22.839771 21.821836 18.194384 18.195425 10.844778 35.064022 12.487992 7.575879 12.389781 14.310304 12.385717 25.536739 15.211595 9.869118 
19.106495 79.241547 117.712135 58.595425 91.966927 110.193985 61.746346 143.013382 105.324341 65.645676 49.405293 82.593498 89.650421 166.509018 104.538185 166.082962 1536.886230 0.000000 2228.952637 462.779022 146.722305 43.289898 88.140732 63.595497 57.478718 89.090477 26.140963 54.195522 48.924885 35.968739 49.119915 66.743256 71.889015 111.476456 47.981781 64.836861 96.686409 58.246689 56.957890 81.898224 45.930099 21.967327 39.325550 42.990417 24.641512 29.643539 32.790756 38.025524 25.013216 18.616510 21.015148 22.458607 24.115442 19.236240 21.509790 32.134350 15.068640 14.378053 24.678957 34.304901 19.951910 17.844364 9.812095 15.775848 18.208670 14.979250 9.757658 13.424301 26.596972 8.781492 10.059686 31.398363 14.956601 17.221947 21.460556 67.704742 18.636641 8.962004 24.510509 0.000000 19.665617 8.836321 17.485235 4.716355 47.172325 14.293090 13.687920 11.881773 11.060195 31.219620 37.431606 19.940542 30.129782 21.622862 21.050632 6.142626 9.461682 0.000000 1.404786 1.084910 7.547737 10.175991 26.371101 21.902626 40.103497 0.000000 35.015305 39.159893 63.530956 52.223419 10.533035 14.659041 32.369823 25.002060 11.276913 30.365683 12.778809 37.223705 0.000000 16.009964 16.328953 15.074494 17.641870 12.725117 15.770515 15.274858 7.245434 13.665220 25.442354 31.478815 18.760468 7.999155 10.119428 19.420767 25.309816 20.809708 0.000000 21.209082 10.665669 20.134272 13.322570 22.331327 16.236969 21.709915 57.852943 15.212877 47.340725 57.104664 66.953842 18.791269 32.043385 26.996376 24.215893 24.963055 15.430798 16.851442 37.578075 41.042397 12.586671 9.657933 19.880062 9.087534 8.017480 13.275378 16.170967 10.309263 17.181110 8.959886 13.711398 11.336080 13.947159 21.159704 29.210854 5.878744 13.955316 2.982534 9.473345 14.055905 0.000000 10.229836 10.453284 
35.925591 153.355347 111.405983 97.952736 46.121750 73.473656 167.975220 279.530853 88.077927 119.207573 116.218651 151.394012 104.285950 151.307983 249.788635 234.765732 495.198273 2228.952637 0.000000 2037.374146 320.201996 298.745026 325.287994 166.826889 163.175568 165.733109 160.006638 160.984802 70.462387 107.922363 161.383087 229.631165 150.597351 94.663994 161.242905 126.061729 80.503494 160.784927 125.098251 56.518234 115.761177 90.654137 87.418396 104.371796 82.807877 57.635670 46.438660 33.605766 53.393341 100.544212 75.665863 78.167656 41.863785 34.630417 36.510654 36.638641 22.606342 49.180302 42.207333 34.310040 33.045315 48.187000 36.035408 36.921017 42.316662 32.959286 26.935167 35.445461 36.177299 23.713577 39.842319 48.988777 47.120346 34.724644 36.059132 77.194969 53.681561 38.721649 51.479778 29.384071 29.502842 26.512932 30.578762 32.264698 71.335236 41.742073 28.748938 31.168859 27.875866 56.203728 80.864372 78.976372 64.715988 33.365982 53.687153 23.222605 44.287304 18.723402 2.124355 1.660161 24.458332 15.179036 44.084015 70.975143 86.636520 29.227858 28.816908 82.483086 74.005959 99.388588 94.811516 36.946320 7.769921 43.724430 27.068644 91.566246 62.114311 49.142651 84.610680 33.625957 15.286188 29.851969 50.816196 36.653824 35.691769 40.331661 49.566193 71.343132 54.963715 45.336281 23.334694 48.002117 40.078938 50.446056 35.236538 37.463081 26.399193 39.454796 33.793903 44.221481 37.775143 24.121447 31.423241 35.826725 32.981117 24.648554 78.123894 77.102844 184.820282 16.914675 59.722725 33.326229 55.220505 45.582230 33.335514 32.070690 56.826557 44.332424 35.122066 29.557703 31.494734 30.266020 30.310614 43.018669 36.875324 29.695124 22.682461 54.842712 40.200008 37.317486 36.521667 27.209408 54.841152 27.516644 21.354830 23.625206 30.698231 25.866739 46.665295 36.372513 36.696526 
18.791607 61.374275 50.608974 74.095367 62.992832 66.230942 103.238831 108.506378 101.249420 104.424919 81.632980 85.958542 84.442528 107.032021 138.800690 177.865417 313.786041 462.779022 2037.374146 0.000000 775.266968 312.936890 230.807083 164.410309 142.850571 98.574982 123.408669 71.958153 43.306713 84.902275 83.335411 133.474670 102.199745 100.537117 96.098045 105.217697 87.366653 88.794449 58.820145 87.596474 75.151672 55.342777 59.529617 72.483269 43.623722 52.478989 41.280434 30.599047 33.738487 41.196823 44.290298 41.968098 41.167679 31.622114 25.386354 22.123327 19.266388 28.635712 27.306257 30.365578 30.023327 40.804394 14.475577 23.273777 21.978708 23.080732 20.153372 28.606630 18.747023 19.864563 24.169373 26.763441 37.510769 16.260593 23.217558 49.941692 37.575466 25.385191 25.713661 14.447738 26.111044 22.595800 19.162445 18.786436 20.877701 34.675240 16.827917 16.026449 17.404663 23.447529 51.540588 49.029770 33.414013 29.165489 30.537962 27.186264 11.166896 46.030178 1.823758 2.160736 24.497042 15.012425 29.456440 54.931225 46.147797 35.927322 36.160137 58.349487 33.079723 55.031513 71.480164 34.601879 31.836346 34.777298 37.709610 71.676567 50.901234 32.949211 48.535542 26.768383 14.453856 17.791269 31.232018 29.411184 31.907532 33.802017 25.653688 48.384029 39.202774 22.556587 15.096503 25.962166 28.365063 33.153358 24.394838 24.560099 19.666840 23.988470 19.511198 27.921448 19.654507 21.563959 23.954058 29.892971 45.519588 28.054049 31.428349 33.698124 72.435440 33.266838 32.256821 28.447990 42.870235 34.196934 25.496498 22.729671 22.175257 40.603432 21.354177 27.783884 12.904600 20.780304 28.387247 18.605644 22.663851 18.250847 11.828568 34.367661 21.384033 23.891256 23.194708 23.189375 36.322216 16.044657 11.838090 16.720264 26.554070 21.657997 23.277205 21.883198 20.819040 
29.691761 66.147476 38.562843 56.955269 32.280682 46.281895 88.174583 79.802193 64.642548 94.582001 72.833939 77.956955 44.315292 79.425514 118.547371 111.608757 123.257133 146.722305 320.201996 775.266968 0.000000 1172.733887 610.820801 280.077118 205.015152 172.124359 148.220596 141.695465 191.102341 131.430939 128.425186 210.243149 130.107208 70.760841 114.869415 95.583359 50.633923 108.456314 88.991806 68.365158 71.025276 73.030182 61.184261 73.514282 96.250610 48.556557 32.227047 22.214020 31.967178 63.333942 61.280724 58.482742 30.602772 34.971798 34.071815 34.416199 21.834656 27.174765 34.982735 33.619106 28.156391 35.131413 24.479435 37.105129 24.194572 24.955658 33.605675 33.077774 30.347418 26.555471 33.136902 32.089413 38.633251 24.737829 19.829733 41.232559 35.223568 34.102524 35.344475 39.075317 25.604864 24.494503 27.067389 24.067778 45.172626 34.017860 21.558668 24.595493 29.730070 27.893560 45.592106 51.506886 46.996651 29.580341 38.459854 23.219337 28.612387 37.129520 2.513466 2.323899 23.300076 15.386237 27.531681 63.474388 45.983082 35.799088 31.829199 61.183975 63.568905 59.221897 74.321770 42.944054 31.269531 36.003288 27.944443 77.000481 61.185490 26.577967 42.933880 35.638500 16.459732 24.882187 37.233505 33.938194 26.683952 26.303543 27.387989 36.588955 35.975815 29.464437 18.266039 31.580948 25.501190 36.181213 32.741074 29.716528 30.234819 25.832895 24.055567 36.785648 27.068377 21.486992 31.199617 34.877296 55.278980 30.669439 47.719879 37.775078 112.483482 36.699680 43.937527 21.381323 53.905064 38.643158 24.887016 20.929680 35.038113 43.500504 22.203087 18.862114 22.544193 22.900793 24.750185 30.108831 33.110352 29.876514 11.545810 35.562107 34.059425 28.465153 28.117727 33.898151 43.904308 27.406954 19.781837 17.286922 25.663523 21.055937 42.601448 22.879234 18.110479 
