58
0.000000 570.084778 325.679871 321.190613 128.070068 69.037079 106.564392 75.881958 50.819122 69.849930 123.602577 74.798355 56.131618 66.848457 51.562023 46.462421 83.673630 89.301620 53.452328 46.352421 62.693153 48.407627 50.704609 42.662273 35.429951 53.040131 58.045940 44.239872 37.145184 43.578236 48.232182 46.476639 37.862274 47.479500 40.118069 40.108135 41.193302 33.693844 28.160635 33.830570 29.460558 25.825586 40.265350 37.583530 66.266777 32.889076 36.455391 32.612061 30.949013 33.751656 25.655970 64.141449 22.621954 13.793488 54.428585 47.554466 30.740677 60.327137 
570.084778 0.000000 2880.760498 702.931091 182.427048 89.449989 130.753586 107.392693 107.883400 104.083755 147.456833 121.782845 70.256912 84.334282 77.518738 59.653267 115.922249 160.853653 87.236786 84.642883 84.344200 61.998150 66.670830 75.329002 59.967831 79.182068 93.222504 75.478806 54.541466 64.758263 68.261078 67.404655 64.912415 83.994789 65.512497 72.777702 70.347748 55.572006 56.332970 55.190632 40.906517 35.622257 71.437698 47.871418 69.185440 73.017746 60.807045 70.674149 57.771873 40.813889 46.872734 97.759659 41.759930 30.823217 88.945404 77.761017 52.679012 98.961540 
325.679871 2880.760498 0.000000 3154.466309 200.016159 81.279427 125.286652 105.347595 63.709034 112.265221 214.424866 93.846115 74.378464 79.622940 66.461670 43.847401 143.779221 168.009293 109.193504 82.761086 108.220070 53.497192 82.435471 69.208862 45.731281 84.980789 118.117615 68.698402 48.784260 58.967388 82.577019 70.324699 65.004356 113.375885 95.797592 108.080002 88.310028 42.085327 49.140236 54.917015 40.082344 41.947235 60.405025 87.751045 129.703171 105.513397 82.906204 48.671284 49.268585 61.211609 53.466473 117.817558 23.486422 34.670895 108.463799 101.278694 77.827408 147.328613 
321.190613 702.931091 3154.466309 0.000000 1032.932983 94.120155 169.185867 123.065842 81.216835 118.830223 222.042633 82.271576 65.367172 88.082001 72.579903 34.492947 163.295624 241.139404 93.370583 90.064865 117.056885 79.048485 78.485374 76.609253 29.679308 68.939987 109.510811 97.792191 81.550209 120.999008 118.701485 57.050346 62.018467 93.252708 35.868473 95.492012 82.280525 62.257816 33.570210 71.023315 37.493492 39.616264 73.279854 84.130478 105.220642 77.815353 62.212715 57.910145 68.911629 65.382278 46.386345 159.297562 91.455215 36.564430 150.190475 135.691010 70.311501 115.977852 
128.070068 182.427048 200.016159 1032.932983 0.000000 547.482422 212.298309 116.612915 131.755112 103.387527 95.030510 127.479073 137.938995 102.563293 87.026894 70.457848 66.618263 56.851059 47.089481 42.298946 47.778534 43.093121 50.960384 44.541725 41.696938 41.173130 38.174179 32.034298 28.376770 29.962126 30.589630 32.165840 25.702608 20.024940 30.058500 28.243845 32.937870 40.095230 55.230736 51.752853 53.386707 43.714821 39.093185 25.840479 38.590412 28.481792 23.871267 27.249390 31.184637 31.332836 26.726831 33.923325 21.414484 29.532524 32.755695 26.878450 16.764252 30.637011 
69.037079 89.449989 81.279427 94.120155 547.482422 0.000000 1041.247070 172.080597 170.574112 149.186005 81.653511 143.663803 185.837708 107.100952 100.064728 88.072021 54.728909 55.553780 42.624374 37.310791 38.703907 49.277412 49.904903 41.038170 40.102108 34.984077 27.355595 23.735811 30.883442 25.049318 32.507122 21.538548 21.488220 21.930922 24.707541 23.183456 20.972322 36.074898 50.028770 46.186523 55.064594 51.187359 32.730824 20.574749 32.114170 19.482307 26.193771 25.524445 21.032372 28.154072 29.877796 44.567299 15.749439 19.225533 23.151171 22.163437 17.335581 27.583815 
106.564392 130.753586 125.286652 169.185867 212.298309 1041.247070 0.000000 797.384766 283.319458 287.111359 273.048950 179.825455 153.725464 130.298645 104.794212 76.079277 112.944710 88.376816 76.808418 68.811714 83.724129 71.956978 76.073990 69.317177 55.310211 79.062286 69.381119 55.960911 48.885986 46.731583 57.222778 46.430336 48.077637 50.143700 56.408703 51.769730 45.780403 49.649849 49.890633 60.193508 57.106659 55.401463 50.565891 51.294849 76.251190 41.485680 40.616440 41.727818 41.875771 43.732613 38.426479 86.579704 20.135838 22.824347 65.276443 65.780479 30.058529 50.457432 
75.881958 107.392693 105.347595 123.065842 116.612915 172.080597 797.384766 0.000000 1183.765747 735.706482 250.962051 214.162720 169.570572 106.752777 89.476624 80.779640 90.425591 66.666252 72.582916 58.384834 72.172943 66.526215 62.013607 58.269981 60.660213 46.064556 51.959202 43.699848 62.912338 38.341778 60.852333 34.009106 37.445114 39.163368 24.436657 56.777271 47.358078 44.467678 57.177208 53.665718 45.210190 45.675339 48.086761 50.703362 86.022316 41.086193 36.656952 39.453320 43.192589 34.958561 25.035610 43.410824 33.749664 16.287832 45.476685 31.380163 23.462292 65.141296 
50.819122 107.883400 63.709034 81.216835 131.755112 170.574112 283.319458 1183.765747 0.000000 18410.662109 261.983002 280.061859 153.525940 138.704132 87.472748 87.234901 72.203056 51.424057 68.695351 68.271225 61.146637 52.456398 73.119476 58.679882 51.860256 56.573505 48.917599 38.681961 49.410755 66.249199 25.940199 23.610113 35.519363 26.315636 26.389441 28.102459 27.136866 41.372089 52.484402 50.353695 59.564098 46.335930 46.306534 19.045277 37.158611 34.350559 49.482849 42.606113 34.476143 25.574049 33.684513 65.631813 28.035898 26.901472 42.413887 31.140154 26.392929 33.870712 
69.849930 104.083755 112.265221 118.830223 103.387527 149.186005 287.111359 735.706482 18410.662109 0.000000 912.696838 345.140381 194.916702 123.411179 99.414703 73.227310 103.872200 121.427032 65.802559 65.105965 65.864014 68.322495 63.581013 65.307205 60.603233 64.627464 66.932091 61.074608 60.326679 45.237286 55.462265 43.453785 42.369045 54.984230 46.502293 38.716339 41.933914 58.843987 45.698803 56.586964 44.221355 51.097790 49.892151 50.341106 56.748680 44.893845 47.086094 35.491695 38.952961 30.902021 33.427559 62.783314 27.666023 28.442745 57.431679 65.848549 26.788862 52.339558 
123.602577 147.456833 214.424866 222.042633 95.030510 81.653511 273.048950 250.962051 261.983002 912.696838 0.000000 832.351013 204.564270 130.461731 95.853172 69.240692 175.194412 196.697433 114.975922 94.503891 117.086411 85.340981 93.189636 91.488182 53.336365 126.527283 119.635689 110.004150 66.031395 94.682083 99.221458 76.348076 68.158112 94.561806 91.430992 86.036186 81.580933 64.503494 52.627125 66.360443 55.009602 47.540321 77.284973 96.999138 177.664978 51.175907 80.234993 55.557514 54.805939 61.264668 45.699650 128.639648 30.306261 33.553810 94.667114 92.912926 49.598728 84.492882 
74.798355 121.782845 93.846115 82.271576 127.479073 143.663803 179.825455 214.162720 280.061859 345.140381 832.351013 0.000000 1545.828613 247.773605 128.391922 101.293236 95.671730 76.971596 77.337166 67.324150 66.602234 70.551323 75.009254 70.882057 76.262657 48.666260 53.120338 54.039257 44.903118 37.185703 44.004295 36.648521 43.077625 40.327118 35.110882 24.855879 47.908989 47.181557 67.776146 65.415016 61.142231 49.965919 61.060287 38.009323 71.068794 31.420864 23.454229 45.414021 33.896698 44.355343 31.401320 51.457886 16.785667 26.844105 36.754562 32.901611 30.550507 36.398365 
56.131618 70.256912 74.378464 65.367172 137.938995 185.837708 153.725464 169.570572 153.525940 194.916702 204.564270 1545.828613 0.000000 573.037415 201.918396 123.138954 92.499939 57.784756 62.077766 57.844509 46.187855 60.575672 66.317345 55.211296 72.495102 33.878040 57.319855 39.515068 43.264225 27.493387 40.631618 20.098843 26.236380 29.762665 13.478899 30.665056 27.188219 52.828922 75.691444 68.422493 77.305550 63.748055 37.505199 21.887396 31.632423 24.124638 41.702576 22.751041 23.824392 37.943230 45.729069 52.678490 20.047804 32.765640 34.205818 43.038185 18.872953 31.938648 
66.848457 84.334282 79.622940 88.082001 102.563293 107.100952 130.298645 106.752777 138.704132 123.411179 130.461731 247.773605 573.037415 0.000000 413.496582 135.041565 126.641357 106.551727 84.717216 84.825203 77.435028 87.926376 90.362411 79.408997 81.234322 57.814564 63.958706 43.912392 53.184475 53.036026 49.731060 37.225811 37.330250 43.196358 26.511257 38.498436 41.024269 52.881588 72.499184 77.788124 70.813629 59.501186 51.172321 47.235069 50.551235 34.509129 39.147625 41.586800 32.343250 37.467651 34.062641 40.031834 20.419857 26.765793 46.253925 35.424419 20.946663 38.116859 
51.562023 77.518738 66.461670 72.579903 87.026894 100.064728 104.794212 89.476624 87.472748 99.414703 95.853172 128.391922 201.918396 413.496582 0.000000 485.121399 330.118561 151.171417 112.136070 109.785576 88.771843 111.885963 106.777390 88.910782 91.993523 58.809113 51.185097 51.859123 48.737038 44.966835 40.313919 37.822479 39.648540 35.195694 38.706188 39.703922 37.229309 54.779530 80.063538 82.275574 79.898720 75.635483 53.076069 45.467506 62.618935 38.993237 38.682529 38.437824 33.036396 43.780941 36.515148 53.545124 25.197615 28.478933 40.962292 32.755096 22.633760 35.125069 
46.462421 59.653267 43.847401 34.492947 70.457848 88.072021 76.079277 80.779640 87.234901 73.227310 69.240692 101.293236 123.138954 135.041565 485.121399 0.000000 1303.802979 195.944839 182.834991 152.671051 92.412025 124.861588 119.717453 96.037796 117.153519 53.827454 42.849262 46.759056 52.555790 32.642342 37.113022 40.213493 33.506420 26.344139 46.231541 33.567661 38.855583 60.183937 85.186363 94.039894 97.293610 91.649994 48.674522 31.280001 43.398670 32.596737 33.591904 40.713520 34.640373 48.003281 45.035282 41.064316 29.469580 40.784340 34.219269 32.090763 17.570309 42.791794 
83.673630 115.922249 143.779221 163.295624 66.618263 54.728909 112.944710 90.425591 72.203056 103.872200 175.194412 95.671730 92.499939 126.641357 330.118561 1303.802979 0.000000 2995.162842 507.206757 254.383484 244.894974 164.743866 149.647842 128.704041 92.781372 128.161484 127.909126 93.559212 83.633026 112.327240 88.176529 76.311844 73.407425 96.456581 74.753006 105.630310 100.977455 86.929733 88.799469 97.816566 75.958794 60.335026 95.784294 84.036400 165.984848 61.283035 81.675621 57.601925 68.936539 54.531467 55.048653 134.838974 49.482841 36.523540 101.418137 103.577232 57.279869 72.810417 
89.301620 160.853653 168.009293 241.139404 56.851059 55.553780 88.376816 66.666252 51.424057 121.427032 196.697433 76.971596 57.784756 106.551727 151.171417 195.944839 2995.162842 0.000000 2073.500977 335.315063 284.942444 142.498505 155.258804 123.891373 69.765472 166.208527 155.269730 116.447800 92.715462 123.471550 103.137901 100.578766 103.978508 149.472351 124.909615 130.599365 109.674339 92.318573 78.911583 89.040253 54.076218 55.184422 92.057098 121.698936 105.530121 79.263664 133.504303 71.500580 105.111343 55.337196 51.608059 106.510735 55.735191 47.015350 142.644150 88.437759 56.966316 112.841232 
53.452328 87.236786 109.193504 93.370583 47.089481 42.624374 76.808418 72.582916 68.695351 65.802559 114.975922 77.337166 62.077766 84.717216 112.136070 182.834991 507.206757 2073.500977 0.000000 805.937439 218.240479 143.101334 139.598877 81.117157 79.655479 98.680595 127.362320 84.288795 64.373642 80.557129 84.113441 59.970375 68.573273 57.598312 59.899101 73.935318 88.332176 79.054298 76.583435 84.564865 61.267166 54.162140 82.369713 62.527981 72.294090 61.957794 81.830833 59.343494 61.650009 59.232979 39.665951 118.569534 21.818146 40.260212 71.660812 57.911999 50.321896 62.729172 
46.352421 84.642883 82.761086 90.064865 42.298946 37.310791 68.811714 58.384834 68.271225 65.105965 94.503891 67.324150 57.844509 84.825203 109.785576 152.671051 254.383484 335.315063 805.937439 0.000000 479.050323 188.171097 148.378616 106.171188 89.594658 87.831535 100.835320 89.567062 84.930275 77.139938 74.792145 74.474037 75.505600 66.702980 52.675907 72.810516 69.677437 83.238167 77.374725 73.750145 67.136047 55.859295 72.918877 58.080364 87.907829 52.060196 52.129993 63.569721 56.673450 50.778214 39.713432 93.576820 44.769920 38.093437 62.877827 72.721733 38.165813 60.674980 
62.693153 84.344200 108.220070 117.056885 47.778534 38.703907 83.724129 72.172943 61.146637 65.864014 117.086411 66.602234 46.187855 77.435028 88.771843 92.412025 244.894974 284.942444 218.240479 479.050323 0.000000 1248.021484 306.171692 136.610291 99.313278 147.992813 144.388809 106.341095 91.905693 116.192337 86.364677 90.460381 78.231766 83.144524 71.125061 95.386330 97.795166 95.576958 64.609863 83.823196 68.503311 62.205544 92.031166 106.436356 119.296600 83.051460 84.727043 65.399193 61.732594 59.949478 48.485222 111.486229 48.004486 34.448128 104.050789 87.559395 39.416862 74.042961 
48.407627 61.998150 53.497192 79.048485 43.093121 49.277412 71.956978 66.526215 52.456398 68.322495 85.340981 70.551323 60.575672 87.926376 111.885963 124.861588 164.743866 142.498505 143.101334 188.171097 1248.021484 0.000000 671.374878 141.014847 177.055527 108.115753 114.168953 82.828278 73.349747 59.976303 81.683533 47.912052 64.011200 52.087048 49.858894 63.553570 77.563889 100.499619 77.773651 93.939095 88.554047 70.129974 80.406799 56.973400 39.003132 35.154297 60.768780 56.104576 45.979420 52.920086 39.078327 94.477325 63.563564 33.884205 57.640739 42.683968 29.919291 59.891483 
50.704609 66.670830 82.435471 78.485374 50.960384 49.904903 76.073990 62.013607 73.119476 63.581013 93.189636 75.009254 66.317345 90.362411 106.777390 119.717453 149.647842 155.258804 139.598877 148.378616 306.171692 671.374878 0.000000 653.443359 264.736633 158.289993 157.465027 108.612869 94.236641 104.697266 77.991959 74.253464 74.345894 74.840759 82.994408 68.696785 80.946495 107.623383 97.872459 115.454605 97.472092 85.179092 79.266167 79.962654 81.804298 54.826248 55.090488 59.932579 50.896893 47.798409 45.831825 95.538857 30.684031 34.362541 71.188705 65.674278 36.256748 58.997303 
42.662273 75.329002 69.208862 76.609253 44.541725 41.038170 69.317177 58.269981 58.679882 65.307205 91.488182 70.882057 55.211296 79.408997 88.910782 96.037796 128.704041 123.891373 81.117157 106.171188 136.610291 141.014847 653.443359 0.000000 6329.748047 518.238098 275.460175 147.789215 112.494400 120.942078 101.762398 92.285980 74.563797 73.338699 71.267044 86.877754 90.345932 106.163582 96.101555 114.851006 92.954926 80.944275 84.341560 79.180481 96.388962 55.537998 58.024796 54.915771 54.047550 49.591793 47.814926 119.939964 38.255222 34.854271 71.866692 67.954361 37.588955 81.934967 
35.429951 59.967831 45.731281 29.679308 41.696938 40.102108 55.310211 60.660213 51.860256 60.603233 53.336365 76.262657 72.495102 81.234322 91.993523 117.153519 92.781372 69.765472 79.655479 89.594658 99.313278 177.055527 264.736633 6329.748047 0.000000 988.066162 292.786926 142.275452 150.294662 78.019348 46.923046 57.339672 62.191410 58.085987 39.779728 46.213039 54.279659 104.683678 107.038696 121.016289 90.891510 91.815384 66.811417 57.418114 84.019943 40.992825 37.295494 55.466976 45.855629 29.371887 34.073643 35.333614 29.583136 42.111252 31.967579 34.515446 28.645191 37.310944 
53.040131 79.182068 84.980789 68.939987 41.173130 34.984077 79.062286 46.064556 56.573505 64.627464 126.527283 48.666260 33.878040 57.814564 58.809113 53.827454 128.161484 166.208527 98.680595 87.831535 147.992813 108.115753 158.289993 518.238098 988.066162 0.000000 2337.509033 367.572296 168.256714 202.972748 170.478180 108.813301 97.435112 114.419487 189.541626 126.612083 109.636871 80.390831 69.849976 70.626923 62.594669 48.713264 85.880974 76.945679 123.437080 106.398956 87.963875 55.291805 55.169220 57.073586 44.408424 151.521179 39.266621 21.179806 104.618721 115.449852 43.789902 68.772179 
58.045940 93.222504 118.117615 109.510811 38.174179 27.355595 69.381119 51.959202 48.917599 66.932091 119.635689 53.120338 57.319855 63.958706 51.185097 42.849262 127.909126 155.269730 127.362320 100.835320 144.388809 114.168953 157.465027 275.460175 292.786926 2337.509033 0.000000 1729.813965 328.107483 493.501801 237.719574 254.303436 151.969604 177.733658 160.758362 136.007629 163.376434 103.316330 56.421677 76.245407 51.595665 57.601631 98.293022 124.846985 182.073517 96.667023 88.465530 75.401878 68.485008 53.220596 50.008278 193.698654 44.553448 50.971947 145.447128 101.884163 71.302261 95.230423 
44.239872 75.478806 68.698402 97.792191 32.034298 23.735811 55.960911 43.699848 38.681961 61.074608 110.004150 54.039257 39.515068 43.912392 51.859123 46.759056 93.559212 116.447800 84.288795 89.567062 106.341095 82.828278 108.612869 147.789215 142.275452 367.572296 1729.813965 0.000000 907.022705 613.873901 291.855682 223.047684 139.151245 135.725555 116.509056 142.992096 125.754776 90.276466 34.296021 70.630753 52.567139 37.040195 74.616905 79.337952 124.364128 73.382568 76.110794 69.505249 47.223190 52.031853 40.145943 108.160637 40.727005 27.408386 97.284515 110.351952 59.991302 88.498764 
37.145184 54.541466 48.784260 81.550209 28.376770 30.883442 48.885986 62.912338 49.410755 60.326679 66.031395 44.903118 43.264225 53.184475 48.737038 52.555790 83.633026 92.715462 64.373642 84.930275 91.905693 73.349747 94.236641 112.494400 150.294662 168.256714 328.107483 907.022705 0.000000 3343.237305 401.961517 264.612274 147.518204 90.678665 145.737686 93.367760 87.986588 79.920189 67.698318 61.573128 61.856041 41.515961 72.528854 64.963493 75.445320 68.349091 65.103233 52.847118 43.481701 51.627789 46.218365 100.513206 43.716820 30.250881 66.354195 66.052246 35.496105 74.271286 
43.578236 64.758263 58.967388 120.999008 29.962126 25.049318 46.731583 38.341778 66.249199 45.237286 94.682083 37.185703 27.493387 53.036026 44.966835 32.642342 112.327240 123.471550 80.557129 77.139938 116.192337 59.976303 104.697266 120.942078 78.019348 202.972748 493.501801 613.873901 3343.237305 0.000000 1771.622803 938.817383 279.905243 229.959244 241.380051 182.563049 143.201904 116.568115 88.247528 57.572170 50.798088 39.306580 76.391815 92.545959 148.699234 116.188248 93.351196 66.428085 77.677597 44.556538 54.729527 182.241196 38.465996 23.659956 99.540619 96.340942 72.423592 81.920944 
48.232182 68.261078 82.577019 118.701485 30.589630 32.507122 57.222778 60.852333 25.940199 55.462265 99.221458 44.004295 40.631618 49.731060 40.313919 37.113022 88.176529 103.137901 84.113441 74.792145 86.364677 81.683533 77.991959 101.762398 46.923046 170.478180 237.719574 291.855682 401.961517 1771.622803 0.000000 1887.867188 296.176300 218.119629 176.425278 174.457764 147.031693 67.030998 63.394619 71.682838 44.530823 42.469368 66.654480 100.042053 162.657303 80.650528 83.885262 49.939667 63.916988 58.735981 41.483501 174.615829 24.098478 40.515308 118.325974 128.585434 63.521500 100.778679 
46.476639 67.404655 70.324699 57.050346 32.165840 21.538548 46.430336 34.009106 23.610113 43.453785 76.348076 36.648521 20.098843 37.225811 37.822479 40.213493 76.311844 100.578766 59.970375 74.474037 90.460381 47.912052 74.253464 92.285980 57.339672 108.813301 254.303436 223.047684 264.612274 938.817383 1887.867188 0.000000 945.679810 205.607513 203.908371 198.946487 170.872025 80.276215 40.255943 52.305244 42.794331 33.024193 80.027061 68.981636 112.156487 91.239189 86.028450 64.533203 66.108673 43.226738 48.801868 95.086884 36.556377 49.467823 95.407524 78.288864 61.180599 104.749062 
37.862274 64.912415 65.004356 62.018467 25.702608 21.488220 48.077637 37.445114 35.519363 42.369045 68.158112 43.077625 26.236380 37.330250 39.648540 33.506420 73.407425 103.978508 68.573273 75.505600 78.231766 64.011200 74.345894 74.563797 62.191410 97.435112 151.969604 139.151245 147.518204 279.905243 296.176300 945.679810 0.000000 664.838074 375.636475 212.603073 154.657227 73.130020 60.561558 59.637745 40.740116 39.695499 62.587006 58.913330 131.764908 77.533508 78.773392 73.056969 66.558182 50.717953 47.885292 80.642441 43.150623 40.905003 98.358002 94.806549 59.260170 91.406349 
47.479500 83.994789 113.375885 93.252708 20.024940 21.930922 50.143700 39.163368 26.315636 54.984230 94.561806 40.327118 29.762665 43.196358 35.195694 26.344139 96.456581 149.472351 57.598312 66.702980 83.144524 52.087048 74.840759 73.338699 58.085987 114.419487 177.733658 135.725555 90.678665 229.959244 218.119629 205.607513 664.838074 0.000000 3323.890869 698.825439 202.069901 88.963921 48.073864 48.819927 35.984837 37.627415 70.388962 66.726372 118.936836 74.289780 77.051735 73.380142 54.210503 51.200203 33.587372 121.664223 37.835049 20.407639 134.406082 128.354782 86.578712 106.159081 
40.118069 65.512497 95.797592 35.868473 30.058500 24.707541 56.408703 24.436657 26.389441 46.502293 91.430992 35.110882 13.478899 26.511257 38.706188 46.231541 74.753006 124.909615 59.899101 52.675907 71.125061 49.858894 82.994408 71.267044 39.779728 189.541626 160.758362 116.509056 145.737686 241.380051 176.425278 203.908371 375.636475 3323.890869 0.000000 3006.594971 309.296967 104.082321 67.492157 66.924171 43.878922 29.045288 81.949043 173.479462 180.517365 86.914474 120.194397 32.928867 83.742935 44.371178 64.594788 250.517807 54.479610 25.132299 75.912277 137.931366 53.851322 129.737167 
40.108135 72.777702 108.080002 95.492012 28.243845 23.183456 51.769730 56.777271 28.102459 38.716339 86.036186 24.855879 30.665056 38.498436 39.703922 33.567661 105.630310 130.599365 73.935318 72.810516 95.386330 63.553570 68.696785 86.877754 46.213039 126.612083 136.007629 142.992096 93.367760 182.563049 174.457764 198.946487 212.603073 698.825439 3006.594971 0.000000 1027.883789 132.380920 52.271477 71.715248 46.669834 39.542095 79.335098 114.203247 176.943863 98.446312 121.305855 91.536911 77.971970 57.131298 45.024761 125.673073 35.600761 28.466858 130.708786 151.192383 84.903320 117.174591 
41.193302 70.347748 88.310028 82.280525 32.937870 20.972322 45.780403 47.358078 27.136866 41.933914 81.580933 47.908989 27.188219 41.024269 37.229309 38.855583 100.977455 109.674339 88.332176 69.677437 97.795166 77.563889 80.946495 90.345932 54.279659 109.636871 163.376434 125.754776 87.986588 143.201904 147.031693 170.872025 154.657227 202.069901 309.296967 1027.883789 0.000000 786.544495 134.358521 113.908401 56.566292 47.171238 124.307907 146.831085 214.188614 118.389023 118.369476 101.026367 102.285660 63.879066 65.913345 156.729721 43.633011 45.923012 140.898224 114.033516 62.374683 115.640152 
33.693844 55.572006 42.085327 62.257816 40.095230 36.074898 49.649849 44.467678 41.372089 58.843987 64.503494 47.181557 52.828922 52.881588 54.779530 60.183937 86.929733 92.318573 79.054298 83.238167 95.576958 100.499619 107.623383 106.163582 104.683678 80.390831 103.316330 90.276466 79.920189 116.568115 67.030998 80.276215 73.130020 88.963921 104.082321 132.380920 786.544495 0.000000 779.725952 389.575470 142.828186 110.383667 143.320663 79.649162 96.020035 83.508118 94.890472 94.029953 101.775887 91.922531 77.759811 156.844849 96.086823 71.766487 86.526299 55.306168 42.212753 67.503265 
28.160635 56.332970 49.140236 33.570210 55.230736 50.028770 49.890633 57.177208 52.484402 45.698803 52.627125 67.776146 75.691444 72.499184 80.063538 85.186363 88.799469 78.911583 76.583435 77.374725 64.609863 77.773651 97.872459 96.101555 107.038696 69.849976 56.421677 34.296021 67.698318 88.247528 63.394619 40.255943 60.561558 48.073864 67.492157 52.271477 134.358521 779.725952 0.000000 3204.966064 282.615784 168.202332 121.250801 73.063705 42.237686 46.366901 75.932747 89.154831 58.782841 65.406761 80.104050 55.952095 57.362446 82.914879 41.867699 43.725197 36.900593 37.759987 
33.830570 55.190632 54.917015 71.023315 51.752853 46.186523 60.193508 53.665718 50.353695 56.586964 66.360443 65.415016 68.422493 77.788124 82.275574 94.039894 97.816566 89.040253 84.564865 73.750145 83.823196 93.939095 115.454605 114.851006 121.016289 70.626923 76.245407 70.630753 61.573128 57.572170 71.682838 52.305244 59.637745 48.819927 66.924171 71.715248 113.908401 389.575470 3204.966064 0.000000 431.905121 203.124390 141.962509 106.175011 105.608208 76.224525 82.433647 85.356102 71.825661 91.373940 86.974991 125.447685 79.435448 63.517685 76.133171 52.861633 29.081244 66.644104 
29.460558 40.906517 40.082344 37.493492 53.386707 55.064594 57.106659 45.210190 59.564098 44.221355 55.009602 61.142231 77.305550 70.813629 79.898720 97.293610 75.958794 54.076218 61.267166 67.136047 68.503311 88.554047 97.472092 92.954926 90.891510 62.594669 51.595665 52.567139 61.856041 50.798088 44.530823 42.794331 40.740116 35.984837 43.878922 46.669834 56.566292 142.828186 282.615784 431.905121 0.000000 732.597900 157.945801 68.042221 75.144302 65.220573 66.377838 79.111053 65.208389 104.748116 100.027061 77.106606 62.743382 84.810890 50.259281 49.390926 30.458370 42.677856 
25.825586 35.622257 41.947235 39.616264 43.714821 51.187359 55.401463 45.675339 46.335930 51.097790 47.540321 49.965919 63.748055 59.501186 75.635483 91.649994 60.335026 55.184422 54.162140 55.859295 62.205544 70.129974 85.179092 80.944275 91.815384 48.713264 57.601631 37.040195 41.515961 39.306580 42.469368 33.024193 39.695499 37.627415 29.045288 39.542095 47.171238 110.383667 168.202332 203.124390 732.597900 0.000000 375.015900 110.050522 99.689545 71.184662 66.376579 71.140358 68.637337 118.120392 114.150574 92.876198 65.957794 104.627441 49.753658 38.936405 28.758638 40.595207 
40.265350 71.437698 60.405025 73.279854 39.093185 32.730824 50.565891 48.086761 46.306534 49.892151 77.284973 61.060287 37.505199 51.172321 53.076069 48.674522 95.784294 92.057098 82.369713 72.918877 92.031166 80.406799 79.266167 84.341560 66.811417 85.880974 98.293022 74.616905 72.528854 76.391815 66.654480 80.027061 62.587006 70.388962 81.949043 79.335098 124.307907 143.320663 121.250801 141.962509 157.945801 375.015900 0.000000 922.799866 555.462280 251.252747 187.558884 194.570389 155.590790 123.908264 107.841461 193.535065 77.843605 79.759056 121.108810 83.652069 58.046879 82.574379 
37.583530 47.871418 87.751045 84.130478 25.840479 20.574749 51.294849 50.703362 19.045277 50.341106 96.999138 38.009323 21.887396 47.235069 45.467506 31.280001 84.036400 121.698936 62.527981 58.080364 106.436356 56.973400 79.962654 79.180481 57.418114 76.945679 124.846985 79.337952 64.963493 92.545959 100.042053 68.981636 58.913330 66.726372 173.479462 114.203247 146.831085 79.649162 73.063705 106.175011 68.042221 110.050522 922.799866 0.000000 11252.892578 895.730652 390.349701 310.639709 154.648483 123.287445 86.243484 221.889526 44.232719 78.900291 149.683029 144.501038 81.893127 107.904480 
66.266777 69.185440 129.703171 105.220642 38.590412 32.114170 76.251190 86.022316 37.158611 56.748680 177.664978 71.068794 31.632423 50.551235 62.618935 43.398670 165.984848 105.530121 72.294090 87.907829 119.296600 39.003132 81.804298 96.388962 84.019943 123.437080 182.073517 124.364128 75.445320 148.699234 162.657303 112.156487 131.764908 118.936836 180.517365 176.943863 214.188614 96.020035 42.237686 105.608208 75.144302 99.689545 555.462280 11252.892578 0.000000 2244.505859 634.665344 278.200134 260.111664 118.709068 106.114220 368.784851 47.945000 67.238052 240.504852 203.616989 126.378860 164.858582 
32.889076 73.017746 105.513397 77.815353 28.481792 19.482307 41.485680 41.086193 34.350559 44.893845 51.175907 31.420864 24.124638 34.509129 38.993237 32.596737 61.283035 79.263664 61.957794 52.060196 83.051460 35.154297 54.826248 55.537998 40.992825 106.398956 96.667023 73.382568 68.349091 116.188248 80.650528 91.239189 77.533508 74.289780 86.914474 98.446312 118.389023 83.508118 46.366901 76.224525 65.220573 71.184662 251.252747 895.730652 2244.505859 0.000000 1162.652100 434.751160 207.192245 110.700928 95.993195 222.336548 93.075844 56.431942 146.455521 110.042038 80.528214 110.181320 
36.455391 60.807045 82.906204 62.212715 23.871267 26.193771 40.616440 36.656952 49.482849 47.086094 80.234993 23.454229 41.702576 39.147625 38.682529 33.591904 81.675621 133.504303 81.830833 52.129993 84.727043 60.768780 55.090488 58.024796 37.295494 87.963875 88.465530 76.110794 65.103233 93.351196 83.885262 86.028450 78.773392 77.051735 120.194397 121.305855 118.369476 94.890472 75.932747 82.433647 66.377838 66.376579 187.558884 390.349701 634.665344 1162.652100 0.000000 1618.158325 301.352173 131.456665 105.375893 204.980103 99.600876 59.378235 155.560715 106.374146 96.649063 128.161865 
32.612061 70.674149 48.671284 57.910145 27.249390 25.524445 41.727818 39.453320 42.606113 35.491695 55.557514 45.414021 22.751041 41.586800 38.437824 40.713520 57.601925 71.500580 59.343494 63.569721 65.399193 56.104576 59.932579 54.915771 55.466976 55.291805 75.401878 69.505249 52.847118 66.428085 49.939667 64.533203 73.056969 73.380142 32.928867 91.536911 101.026367 94.029953 89.154831 85.356102 79.111053 71.140358 194.570389 310.639709 278.200134 434.751160 1618.158325 0.000000 816.105103 205.144836 157.855865 210.588928 173.917114 142.755295 142.059814 105.795059 110.655617 112.858917 
30.949013 57.771873 49.268585 68.911629 31.184637 21.032372 41.875771 43.192589 34.476143 38.952961 54.805939 33.896698 23.824392 32.343250 33.036396 34.640373 68.936539 105.111343 61.650009 56.673450 61.732594 45.979420 50.896893 54.047550 45.855629 55.169220 68.485008 47.223190 43.481701 77.677597 63.916988 66.108673 66.558182 54.210503 83.742935 77.971970 102.285660 101.775887 58.782841 71.825661 65.208389 68.637337 155.590790 154.648483 260.111664 207.192245 301.352173 816.105103 0.000000 586.842346 236.537491 304.533264 196.252350 115.304466 191.265335 133.353836 94.592766 127.667229 
33.751656 40.813889 61.211609 65.382278 31.332836 28.154072 43.732613 34.958561 25.574049 30.902021 61.264668 44.355343 37.943230 37.467651 43.780941 48.003281 54.531467 55.337196 59.232979 50.778214 59.949478 52.920086 47.798409 49.591793 29.371887 57.073586 53.220596 52.031853 51.627789 44.556538 58.735981 43.226738 50.717953 51.200203 44.371178 57.131298 63.879066 91.922531 65.406761 91.373940 104.748116 118.120392 123.908264 123.287445 118.709068 110.700928 131.456665 205.144836 586.842346 0.000000 1245.718506 255.389023 196.100479 178.144943 164.399078 93.014275 60.707798 102.072266 
25.655970 46.872734 53.466473 46.386345 26.726831 29.877796 38.426479 25.035610 33.684513 33.427559 45.699650 31.401320 45.729069 34.062641 36.515148 45.035282 55.048653 51.608059 39.665951 39.713432 48.485222 39.078327 45.831825 47.814926 34.073643 44.408424 50.008278 40.145943 46.218365 54.729527 41.483501 48.801868 47.885292 33.587372 64.594788 45.024761 65.913345 77.759811 80.104050 86.974991 100.027061 114.150574 107.841461 86.243484 106.114220 95.993195 105.375893 157.855865 236.537491 1245.718506 0.000000 2533.686035 529.784363 328.227539 224.029709 107.161072 80.366539 116.388794 
64.141449 97.759659 117.817558 159.297562 33.923325 44.567299 86.579704 43.410824 65.631813 62.783314 128.639648 51.457886 52.678490 40.031834 53.545124 41.064316 134.838974 106.510735 118.569534 93.576820 111.486229 94.477325 95.538857 119.939964 35.333614 151.521179 193.698654 108.160637 100.513206 182.241196 174.615829 95.086884 80.642441 121.664223 250.517807 125.673073 156.729721 156.844849 55.952095 125.447685 77.106606 92.876198 193.535065 221.889526 368.784851 222.336548 204.980103 210.588928 304.533264 255.389023 2533.686035 0.000000 9116.773438 1098.306519 1652.941650 531.161804 240.528885 374.378571 
22.621954 41.759930 23.486422 91.455215 21.414484 15.749439 20.135838 33.749664 28.035898 27.666023 30.306261 16.785667 20.047804 20.419857 25.197615 29.469580 49.482841 55.735191 21.818146 44.769920 48.004486 63.563564 30.684031 38.255222 29.583136 39.266621 44.553448 40.727005 43.716820 38.465996 24.098478 36.556377 43.150623 37.835049 54.479610 35.600761 43.633011 96.086823 57.362446 79.435448 62.743382 65.957794 77.843605 44.232719 47.945000 93.075844 99.600876 173.917114 196.252350 196.100479 529.784363 9116.773438 0.000000 2239.623291 587.582031 138.973816 140.575974 151.278564 
13.793488 30.823217 34.670895 36.564430 29.532524 19.225533 22.824347 16.287832 26.901472 28.442745 33.553810 26.844105 32.765640 26.765793 28.478933 40.784340 36.523540 47.015350 40.260212 38.093437 34.448128 33.884205 34.362541 34.854271 42.111252 21.179806 50.971947 27.408386 30.250881 23.659956 40.515308 49.467823 40.905003 20.407639 25.132299 28.466858 45.923012 71.766487 82.914879 63.517685 84.810890 104.627441 79.759056 78.900291 67.238052 56.431942 59.378235 142.755295 115.304466 178.144943 328.227539 1098.306519 2239.623291 0.000000 552.326233 121.418015 118.841225 101.982323 
54.428585 88.945404 108.463799 150.190475 32.755695 23.151171 65.276443 45.476685 42.413887 57.431679 94.667114 36.754562 34.205818 46.253925 40.962292 34.219269 101.418137 142.644150 71.660812 62.877827 104.050789 57.640739 71.188705 71.866692 31.967579 104.618721 145.447128 97.284515 66.354195 99.540619 118.325974 95.407524 98.358002 134.406082 75.912277 130.708786 140.898224 86.526299 41.867699 76.133171 50.259281 49.753658 121.108810 149.683029 240.504852 146.455521 155.560715 142.059814 191.265335 164.399078 224.029709 1652.941650 587.582031 552.326233 0.000000 2082.129883 290.240143 277.041718 
47.554466 77.761017 101.278694 135.691010 26.878450 22.163437 65.780479 31.380163 31.140154 65.848549 92.912926 32.901611 43.038185 35.424419 32.755096 32.090763 103.577232 88.437759 57.911999 72.721733 87.559395 42.683968 65.674278 67.954361 34.515446 115.449852 101.884163 110.351952 66.052246 96.340942 128.585434 78.288864 94.806549 128.354782 137.931366 151.192383 114.033516 55.306168 43.725197 52.861633 49.390926 38.936405 83.652069 144.501038 203.616989 110.042038 106.374146 105.795059 133.353836 93.014275 107.161072 531.161804 138.973816 121.418015 2082.129883 0.000000 1058.918823 401.951172 
30.740677 52.679012 77.827408 70.311501 16.764252 17.335581 30.058529 23.462292 26.392929 26.788862 49.598728 30.550507 18.872953 20.946663 22.633760 17.570309 57.279869 56.966316 50.321896 38.165813 39.416862 29.919291 36.256748 37.588955 28.645191 43.789902 71.302261 59.991302 35.496105 72.423592 63.521500 61.180599 59.260170 86.578712 53.851322 84.903320 62.374683 42.212753 36.900593 29.081244 30.458370 28.758638 58.046879 81.893127 126.378860 80.528214 96.649063 110.655617 94.592766 60.707798 80.366539 240.528885 140.575974 118.841225 290.240143 1058.918823 0.000000 1309.822266 
60.327137 98.961540 147.328613 115.977852 30.637011 27.583815 50.457432 65.141296 33.870712 52.339558 84.492882 36.398365 31.938648 38.116859 35.125069 42.791794 72.810417 112.841232 62.729172 60.674980 74.042961 59.891483 58.997303 81.934967 37.310944 68.772179 95.230423 88.498764 74.271286 81.920944 100.778679 104.749062 91.406349 106.159081 129.737167 117.174591 115.640152 67.503265 37.759987 66.644104 42.677856 40.595207 82.574379 107.904480 164.858582 110.181320 128.161865 112.858917 127.667229 102.072266 116.388794 374.378571 151.278564 101.982323 277.041718 401.951172 1309.822266 0.000000 
