58
0.000000 0.540069 0.284718 0.288275 0.150398 0.083628 0.110470 0.079035 0.038208 0.052270 0.121148 0.076920 0.061046 0.078302 0.060076 0.051517 0.074042 0.077465 0.052029 0.049996 0.062951 0.051120 0.053090 0.036423 0.030690 0.049187 0.051231 0.042340 0.034500 0.037368 0.044568 0.044319 0.039752 0.043799 0.034686 0.036628 0.041353 0.035249 0.027179 0.032187 0.034072 0.030714 0.041207 0.029463 0.050693 0.030567 0.034714 0.032117 0.032541 0.036215 0.024558 0.048705 0.018250 0.013930 0.048499 0.044852 0.033317 0.061818 
0.540069 0.000000 1.545403 0.393467 0.152614 0.078141 0.091381 0.075581 0.044671 0.042732 0.094722 0.084102 0.052678 0.070298 0.064136 0.045994 0.063423 0.085201 0.055448 0.062706 0.056202 0.044531 0.047289 0.038868 0.031691 0.046684 0.050789 0.046744 0.032234 0.033656 0.040020 0.041508 0.046227 0.049112 0.034514 0.041881 0.046859 0.039366 0.035341 0.033868 0.033492 0.030333 0.048979 0.021359 0.029557 0.043199 0.037364 0.045730 0.041230 0.030008 0.029035 0.041212 0.019585 0.020717 0.049212 0.047077 0.039301 0.067982 
0.284718 1.545403 0.000000 1.535053 0.152702 0.065060 0.078399 0.066438 0.021721 0.037881 0.122061 0.057947 0.050329 0.060549 0.050128 0.030601 0.068151 0.076706 0.061420 0.055260 0.064198 0.034513 0.052442 0.030650 0.020823 0.043889 0.055715 0.037521 0.025265 0.026335 0.042374 0.038164 0.041539 0.058001 0.043465 0.054293 0.052366 0.026735 0.027235 0.029684 0.029886 0.032652 0.036998 0.032736 0.045926 0.054708 0.044880 0.027934 0.031559 0.040529 0.029210 0.041053 0.009297 0.020768 0.052080 0.053908 0.052372 0.090434 
0.288275 0.393467 1.535053 0.000000 0.812655 0.077531 0.109810 0.080479 0.029582 0.042865 0.131570 0.052717 0.045754 0.069033 0.056433 0.024876 0.081206 0.115711 0.054695 0.062235 0.072167 0.052839 0.051758 0.035712 0.014205 0.037210 0.054207 0.055690 0.044133 0.056857 0.063677 0.032289 0.041076 0.049879 0.017110 0.050194 0.050707 0.041000 0.019388 0.040045 0.028830 0.031760 0.046590 0.033345 0.039708 0.042159 0.035127 0.034586 0.045746 0.044813 0.026423 0.059217 0.038334 0.022754 0.075614 0.075386 0.048952 0.073892 
0.150398 0.152614 0.152702 0.812655 0.000000 0.602541 0.196561 0.108540 0.084463 0.065914 0.082616 0.116973 0.134736 0.108775 0.091757 0.070318 0.051570 0.043018 0.040619 0.040938 0.042682 0.040734 0.047713 0.033093 0.031500 0.033621 0.029463 0.027110 0.023212 0.022373 0.024878 0.027109 0.024138 0.016254 0.022659 0.022664 0.029417 0.037504 0.047187 0.043506 0.055829 0.047147 0.035677 0.017395 0.025246 0.023316 0.020087 0.023817 0.029334 0.030149 0.022623 0.022001 0.014904 0.026554 0.025558 0.022373 0.016312 0.028001 
0.083628 0.078141 0.065060 0.077531 0.602541 0.000000 1.002589 0.166535 0.115660 0.100632 0.074008 0.137140 0.188399 0.117550 0.109206 0.091156 0.044391 0.044092 0.038345 0.037491 0.036008 0.048403 0.048571 0.032009 0.031779 0.029862 0.022126 0.020966 0.026405 0.019632 0.027640 0.018950 0.020975 0.018613 0.019540 0.019461 0.019506 0.035078 0.044593 0.040536 0.059621 0.057100 0.031081 0.014612 0.022197 0.016669 0.023010 0.023254 0.020563 0.028132 0.026395 0.030554 0.011544 0.017998 0.018921 0.019269 0.017510 0.026231 
0.110470 0.091381 0.078399 0.109810 0.196561 1.002589 0.000000 0.632390 0.142614 0.143512 0.199783 0.140245 0.128989 0.120248 0.096061 0.065453 0.071880 0.054703 0.055679 0.057123 0.063266 0.058110 0.060751 0.041956 0.034168 0.053674 0.043996 0.039654 0.033257 0.028461 0.038658 0.032738 0.038531 0.033797 0.034756 0.034414 0.034582 0.039605 0.035755 0.042313 0.051856 0.052123 0.039184 0.027467 0.039384 0.028248 0.028584 0.030727 0.033625 0.036059 0.027235 0.044231 0.011242 0.017379 0.041945 0.045698 0.025109 0.039168 
0.079035 0.075581 0.066438 0.080479 0.108540 0.166535 0.632390 0.000000 0.601672 0.371348 0.184852 0.168074 0.143116 0.099042 0.082458 0.069893 0.057992 0.041592 0.052972 0.048753 0.054891 0.054050 0.049827 0.035555 0.037771 0.031498 0.033203 0.031180 0.043108 0.023539 0.041408 0.024147 0.030194 0.026588 0.015176 0.038022 0.036006 0.035689 0.041257 0.037988 0.041275 0.043196 0.037499 0.027399 0.044853 0.028178 0.025977 0.029245 0.034894 0.028996 0.017867 0.022390 0.019007 0.012482 0.029445 0.021954 0.019714 0.050885 
0.038208 0.044671 0.021721 0.029582 0.084463 0.115660 0.142614 0.601672 0.000000 3.959000 0.117070 0.138654 0.085096 0.088501 0.055270 0.050205 0.025387 0.017184 0.030233 0.037230 0.028790 0.027422 0.037567 0.018805 0.017267 0.022294 0.017087 0.016393 0.019542 0.021479 0.010136 0.009923 0.018350 0.010242 0.008744 0.010678 0.012770 0.021219 0.022665 0.021055 0.037123 0.030397 0.022695 0.004774 0.008610 0.013606 0.020731 0.019239 0.017864 0.013803 0.014280 0.014836 0.007667 0.012822 0.015174 0.012764 0.014530 0.016645 
0.052270 0.042732 0.037881 0.042865 0.065914 0.100632 0.143512 0.371348 3.959000 0.000000 0.404638 0.169658 0.107352 0.078309 0.062465 0.041886 0.036157 0.040150 0.028728 0.035275 0.030779 0.035475 0.032442 0.020699 0.019965 0.025240 0.023144 0.025668 0.023647 0.014507 0.021477 0.018111 0.021740 0.021206 0.015244 0.014574 0.019586 0.029972 0.019574 0.023462 0.027405 0.033341 0.024277 0.012441 0.012949 0.017625 0.019561 0.015901 0.020047 0.016570 0.014054 0.013972 0.007469 0.013456 0.020345 0.026759 0.014654 0.025538 
0.121148 0.094722 0.122061 0.131570 0.082616 0.074008 0.199783 0.184852 0.117070 0.404638 0.000000 0.602112 0.160088 0.113027 0.082448 0.055657 0.101598 0.110637 0.076850 0.073111 0.081859 0.064096 0.069154 0.050206 0.029935 0.078747 0.069103 0.071733 0.041190 0.052314 0.061425 0.049520 0.050773 0.058392 0.051168 0.052332 0.057016 0.047809 0.034742 0.042899 0.046843 0.042041 0.055522 0.046459 0.081726 0.031955 0.051933 0.037771 0.040910 0.047053 0.029807 0.058449 0.015207 0.023653 0.055482 0.059296 0.038629 0.060813 
0.076920 0.084102 0.057947 0.052717 0.116973 0.137140 0.140245 0.168074 0.138654 0.169658 0.602112 0.000000 1.284277 0.226609 0.116628 0.086306 0.060095 0.047006 0.055421 0.055330 0.049776 0.056390 0.059280 0.042316 0.046480 0.032635 0.033244 0.037844 0.030176 0.022339 0.029363 0.025537 0.034167 0.026846 0.021342 0.016317 0.035793 0.037245 0.048011 0.045442 0.055014 0.046595 0.046810 0.020038 0.036119 0.021135 0.016312 0.033065 0.026937 0.036205 0.021996 0.025862 0.009232 0.020218 0.023313 0.022584 0.025267 0.027953 
0.061046 0.052678 0.050329 0.045754 0.134736 0.188399 0.128989 0.143116 0.085096 0.107352 0.160088 1.284277 0.000000 0.558010 0.195370 0.112209 0.063578 0.038709 0.048161 0.050963 0.037253 0.052002 0.056336 0.036229 0.048475 0.024724 0.039266 0.030012 0.031635 0.018144 0.029518 0.015195 0.022363 0.021575 0.008991 0.021946 0.021922 0.044830 0.058098 0.051581 0.074133 0.063221 0.030973 0.012834 0.017949 0.017655 0.031472 0.017911 0.020343 0.033217 0.034739 0.029593 0.012213 0.026617 0.023721 0.032090 0.016726 0.026418 
0.078302 0.070298 0.060549 0.069033 0.108775 0.117550 0.120248 0.099042 0.088501 0.078309 0.113027 0.226609 0.558010 0.000000 0.434728 0.134368 0.097654 0.080304 0.072822 0.081841 0.068943 0.082849 0.084333 0.058760 0.061125 0.047036 0.049172 0.037031 0.043345 0.039444 0.040295 0.031262 0.034946 0.034932 0.019905 0.030777 0.036515 0.049305 0.061722 0.065159 0.073840 0.063994 0.046546 0.031655 0.032919 0.028146 0.032823 0.036224 0.030327 0.035940 0.028730 0.025843 0.014150 0.023985 0.035952 0.029381 0.020319 0.034722 
0.060076 0.064136 0.050128 0.056433 0.091757 0.109206 0.096061 0.082458 0.055270 0.062465 0.082448 0.116628 0.195370 0.434728 0.000000 0.479691 0.252508 0.112995 0.095696 0.105242 0.078485 0.104730 0.098989 0.065239 0.068649 0.047480 0.039034 0.043410 0.039418 0.033163 0.032414 0.031528 0.036870 0.028244 0.028821 0.031495 0.032906 0.050735 0.067665 0.068407 0.082817 0.080877 0.047949 0.030188 0.040389 0.031561 0.032193 0.033242 0.030772 0.041724 0.030572 0.034234 0.017305 0.025344 0.031584 0.026963 0.021815 0.031779 
0.051517 0.045994 0.030601 0.024876 0.070318 0.091156 0.065453 0.069893 0.050205 0.041886 0.055657 0.086306 0.112209 0.134368 0.479691 0.000000 0.923834 0.135423 0.145730 0.137752 0.076498 0.109842 0.104242 0.065059 0.080825 0.040426 0.030263 0.036507 0.039546 0.022235 0.027750 0.031256 0.029271 0.019657 0.031821 0.024736 0.032155 0.052350 0.067196 0.072891 0.095367 0.092839 0.041230 0.019006 0.025547 0.024547 0.026064 0.032917 0.030314 0.043043 0.035168 0.023941 0.018579 0.033997 0.024458 0.024609 0.015945 0.036304 
0.074042 0.063423 0.068151 0.081206 0.051570 0.044391 0.071880 0.057992 0.025387 0.036157 0.101598 0.060095 0.063578 0.097654 0.252508 0.923834 0.000000 1.399403 0.290705 0.172567 0.147888 0.108040 0.096796 0.058370 0.043236 0.067557 0.061698 0.052097 0.044204 0.051363 0.046188 0.042227 0.047691 0.050374 0.034714 0.054189 0.060954 0.056150 0.050163 0.053916 0.057447 0.047608 0.059688 0.032246 0.060543 0.032428 0.045085 0.033674 0.044892 0.036687 0.030662 0.048422 0.020116 0.022268 0.049778 0.056236 0.039156 0.045470 
0.077465 0.085201 0.076706 0.115711 0.043018 0.044092 0.054703 0.041592 0.017184 0.040150 0.110637 0.047006 0.038709 0.080304 0.112995 0.135423 1.399403 0.000000 1.152261 0.221621 0.167103 0.090966 0.097717 0.054027 0.031294 0.084713 0.072188 0.062812 0.047388 0.054306 0.052226 0.053901 0.065739 0.075454 0.055827 0.064720 0.064291 0.058021 0.043201 0.047526 0.039954 0.042582 0.055760 0.044575 0.036652 0.040561 0.071366 0.040552 0.066616 0.036264 0.027845 0.036391 0.021686 0.027844 0.067525 0.046474 0.037948 0.068500 
0.052029 0.055448 0.061420 0.054695 0.040619 0.038345 0.055679 0.052972 0.030233 0.028728 0.076850 0.055421 0.048161 0.072822 0.095696 0.145730 0.290705 1.152261 0.000000 0.618043 0.151104 0.106509 0.102649 0.043966 0.044168 0.060749 0.072704 0.054394 0.039721 0.043964 0.051503 0.038491 0.050619 0.035177 0.033116 0.044471 0.061137 0.058058 0.050039 0.054095 0.051757 0.047530 0.058618 0.029526 0.032766 0.038268 0.052412 0.039943 0.045602 0.045092 0.025604 0.053071 0.010800 0.028108 0.041514 0.036567 0.038852 0.044725 
0.049996 0.062706 0.055260 0.062235 0.040938 0.037491 0.057123 0.048753 0.037230 0.035275 0.073111 0.055330 0.050963 0.081841 0.105242 0.137752 0.172567 0.221621 0.618043 0.000000 0.382089 0.159854 0.124718 0.068718 0.059107 0.063312 0.068172 0.067225 0.061342 0.050216 0.053665 0.055637 0.063681 0.047756 0.034666 0.051456 0.055558 0.069890 0.058697 0.054937 0.063780 0.054897 0.059565 0.033537 0.049093 0.037633 0.038874 0.049477 0.047885 0.043999 0.029813 0.051731 0.026873 0.030604 0.043042 0.053571 0.033483 0.049645 
0.062951 0.056202 0.064198 0.072167 0.042682 0.036008 0.063266 0.054891 0.028790 0.030779 0.081859 0.049776 0.037253 0.068943 0.078485 0.076498 0.147888 0.167103 0.151104 0.382089 0.000000 0.967249 0.234542 0.078243 0.058120 0.095654 0.086862 0.071893 0.059534 0.066984 0.055536 0.060841 0.060153 0.053334 0.041509 0.060306 0.070693 0.073130 0.044201 0.056197 0.059976 0.056501 0.068322 0.053531 0.057736 0.053849 0.056871 0.046029 0.047561 0.047480 0.032786 0.053327 0.025238 0.025109 0.063476 0.057979 0.031644 0.055067 
0.051120 0.044531 0.034513 0.052839 0.040734 0.048403 0.058110 0.054050 0.027422 0.035475 0.064096 0.056390 0.052002 0.082849 0.104730 0.109842 0.108040 0.090966 0.106509 0.159854 0.967249 0.000000 0.549162 0.088087 0.112810 0.075493 0.074609 0.060297 0.051322 0.037690 0.056766 0.034712 0.052542 0.036116 0.031686 0.043480 0.060095 0.082115 0.057245 0.067856 0.082128 0.067339 0.063867 0.031612 0.020901 0.024619 0.043945 0.042400 0.037811 0.044660 0.028454 0.050096 0.036719 0.026457 0.038156 0.030480 0.025573 0.047652 
0.053090 0.047289 0.052442 0.051758 0.047713 0.048571 0.060751 0.049827 0.037567 0.032442 0.069154 0.059280 0.056336 0.084333 0.098989 0.104242 0.096796 0.097717 0.102649 0.124718 0.234542 0.549162 0.000000 0.402315 0.166298 0.109107 0.101490 0.078093 0.065090 0.064853 0.053501 0.053129 0.060357 0.051222 0.052000 0.046382 0.061989 0.086969 0.071159 0.082361 0.089524 0.081025 0.062249 0.043650 0.043104 0.037903 0.039344 0.044755 0.041398 0.039909 0.032960 0.049802 0.017450 0.026522 0.046485 0.046307 0.030664 0.046411 
0.036423 0.038868 0.030650 0.035712 0.033093 0.032009 0.041956 0.035555 0.018805 0.020699 0.050206 0.042316 0.036229 0.058760 0.065239 0.065059 0.058370 0.054027 0.043966 0.068718 0.078243 0.088087 0.402315 0.000000 2.752557 0.257036 0.124292 0.077692 0.055956 0.051536 0.050136 0.048193 0.046121 0.036017 0.030876 0.041863 0.051723 0.065268 0.051295 0.059729 0.067406 0.061350 0.049931 0.027917 0.032156 0.027659 0.030223 0.030394 0.033513 0.031820 0.025144 0.039336 0.014360 0.020165 0.033036 0.034779 0.024525 0.048616 
0.030690 0.031691 0.020823 0.014205 0.031500 0.031779 0.034168 0.037771 0.017267 0.019965 0.029935 0.046480 0.048475 0.061125 0.068649 0.080825 0.043236 0.031294 0.044168 0.059107 0.058120 0.112810 0.166298 2.752557 0.000000 0.502392 0.135764 0.076569 0.076633 0.034220 0.023703 0.030659 0.039244 0.029251 0.017731 0.022845 0.031753 0.065664 0.058469 0.064445 0.067044 0.070735 0.040387 0.020961 0.029078 0.020927 0.019891 0.031391 0.029006 0.019212 0.018343 0.012029 0.011474 0.024889 0.015094 0.018096 0.019047 0.022604 
0.049187 0.046684 0.043889 0.037210 0.033621 0.029862 0.053674 0.031498 0.022294 0.025240 0.078747 0.032635 0.024724 0.047036 0.047480 0.040426 0.067557 0.084713 0.060749 0.063312 0.095654 0.075493 0.109107 0.257036 0.502392 0.000000 1.226765 0.220285 0.096076 0.101431 0.096537 0.064832 0.067439 0.064613 0.096067 0.070328 0.070836 0.055340 0.042424 0.041928 0.049998 0.040506 0.057164 0.032792 0.050265 0.060820 0.052291 0.034671 0.038269 0.040821 0.026621 0.060846 0.017630 0.013812 0.055791 0.067584 0.031793 0.045868 
0.051231 0.050789 0.055715 0.054207 0.029463 0.022126 0.043996 0.033203 0.017087 0.023144 0.069103 0.033244 0.039266 0.049172 0.039034 0.030263 0.061698 0.072188 0.072704 0.068172 0.086862 0.074609 0.101490 0.124292 0.135764 1.226765 0.000000 0.959240 0.172665 0.224525 0.123973 0.140133 0.098382 0.092411 0.074283 0.069459 0.098244 0.066497 0.031743 0.041851 0.038902 0.045319 0.061025 0.047618 0.065992 0.050929 0.048629 0.043906 0.044440 0.035683 0.027739 0.069112 0.018010 0.030959 0.071054 0.055082 0.048577 0.059251 
0.042340 0.046744 0.037521 0.055690 0.027110 0.020966 0.039654 0.031180 0.016393 0.025668 0.071733 0.037844 0.030012 0.037031 0.043410 0.036507 0.052097 0.062812 0.054394 0.067225 0.071893 0.060297 0.078093 0.077692 0.076569 0.220285 0.959240 0.000000 0.544870 0.325010 0.173943 0.139522 0.100447 0.080678 0.062514 0.083676 0.084987 0.064828 0.021849 0.044029 0.043550 0.031901 0.051883 0.036169 0.054338 0.044127 0.047507 0.045649 0.034160 0.038761 0.025259 0.046648 0.019496 0.018689 0.054771 0.067879 0.045339 0.061654 
0.034500 0.032234 0.025265 0.044133 0.023212 0.026405 0.033257 0.043108 0.019542 0.023647 0.041190 0.030176 0.031635 0.043345 0.039418 0.039546 0.044204 0.047388 0.039721 0.061342 0.059534 0.051322 0.065090 0.055956 0.076633 0.096076 0.172665 0.544870 0.000000 1.675470 0.228193 0.158036 0.102314 0.051336 0.074073 0.051995 0.056974 0.055130 0.041214 0.036641 0.049496 0.034581 0.048380 0.027778 0.030830 0.039167 0.038794 0.033214 0.030224 0.036999 0.027772 0.040506 0.019691 0.019771 0.035480 0.038761 0.025822 0.049641 
0.037368 0.033656 0.026335 0.056857 0.022373 0.019632 0.028461 0.023539 0.021479 0.014507 0.052314 0.022339 0.018144 0.039444 0.033163 0.022235 0.051363 0.054306 0.043964 0.050216 0.066984 0.037690 0.064853 0.051536 0.034220 0.101431 0.224525 0.325010 1.675470 0.000000 0.879464 0.493774 0.174181 0.113795 0.105479 0.088654 0.082519 0.072101 0.047433 0.030156 0.037026 0.029939 0.045511 0.032976 0.050164 0.058299 0.048973 0.037014 0.048456 0.028756 0.028985 0.060451 0.014584 0.013777 0.046130 0.049668 0.047524 0.048915 
0.044568 0.040020 0.042374 0.063677 0.024878 0.027640 0.038658 0.041408 0.010136 0.021477 0.061425 0.029363 0.029518 0.040295 0.032414 0.027750 0.046188 0.052226 0.051503 0.053665 0.055536 0.056766 0.053501 0.050136 0.023703 0.096537 0.123973 0.173943 0.228193 0.879464 0.000000 1.118562 0.204016 0.122451 0.088836 0.096327 0.094511 0.045921 0.038294 0.042318 0.035422 0.035174 0.044146 0.042304 0.065697 0.045834 0.049589 0.031150 0.044126 0.041815 0.024730 0.069542 0.010740 0.026288 0.062710 0.074849 0.045909 0.066881 
0.044319 0.041508 0.038164 0.032289 0.027109 0.018950 0.032738 0.024147 0.009923 0.018111 0.049520 0.025537 0.015195 0.031262 0.031528 0.031256 0.042227 0.053901 0.038491 0.055637 0.060841 0.034712 0.053129 0.048193 0.030659 0.064832 0.140133 0.139522 0.158036 0.493774 1.118562 0.000000 0.679347 0.121500 0.108697 0.115725 0.114882 0.057366 0.025506 0.032423 0.035304 0.028327 0.055366 0.031207 0.048613 0.054547 0.053397 0.042159 0.047591 0.032051 0.030534 0.040678 0.017372 0.033557 0.053381 0.047884 0.046025 0.072610 
0.039752 0.046227 0.041539 0.041076 0.024138 0.020975 0.038531 0.030194 0.018350 0.021740 0.050773 0.034167 0.022363 0.034946 0.036870 0.029271 0.047691 0.065739 0.050619 0.063681 0.060153 0.052542 0.060357 0.046121 0.039244 0.067439 0.098382 0.100447 0.102314 0.174181 0.204016 0.679347 0.000000 0.456920 0.236425 0.144149 0.118879 0.059304 0.044205 0.042714 0.037534 0.037873 0.049330 0.032328 0.069805 0.053822 0.056482 0.054765 0.054327 0.042491 0.034574 0.042267 0.024663 0.031689 0.064507 0.067119 0.050288 0.072166 
0.043799 0.049112 0.058001 0.049879 0.016254 0.018613 0.033797 0.026588 0.010242 0.021206 0.058392 0.026846 0.021575 0.034932 0.028244 0.019657 0.050374 0.075454 0.035177 0.047756 0.053334 0.036116 0.051222 0.036017 0.029251 0.064613 0.092411 0.080678 0.051336 0.113795 0.122451 0.121500 0.456920 0.000000 1.668467 0.384762 0.129572 0.060808 0.028964 0.028744 0.028567 0.031105 0.046509 0.028112 0.047852 0.042103 0.045429 0.045656 0.037340 0.036370 0.019970 0.048263 0.016803 0.013209 0.071021 0.074513 0.062438 0.070285 
0.034686 0.034514 0.043465 0.017110 0.022659 0.019540 0.034756 0.015176 0.008744 0.015244 0.051168 0.021342 0.008991 0.019905 0.028821 0.031821 0.034714 0.055827 0.033116 0.034666 0.041509 0.031686 0.052000 0.030876 0.017731 0.096067 0.074283 0.062514 0.074073 0.105479 0.088836 0.108697 0.236425 1.668467 0.000000 1.481406 0.180431 0.065118 0.036757 0.035531 0.032295 0.022329 0.049405 0.063048 0.062182 0.044229 0.063910 0.018582 0.052836 0.028952 0.034669 0.084882 0.021042 0.014813 0.035720 0.072091 0.035720 0.078388 
0.036628 0.041881 0.054293 0.050194 0.022664 0.019461 0.034414 0.038022 0.010678 0.014574 0.052332 0.016317 0.021946 0.030777 0.031495 0.024736 0.054189 0.064720 0.044471 0.051456 0.060306 0.043480 0.046382 0.041863 0.022845 0.070328 0.069459 0.083676 0.051995 0.088654 0.096327 0.115725 0.144149 0.384762 1.481406 0.000000 0.649602 0.089260 0.031010 0.041562 0.036619 0.032322 0.051686 0.047058 0.069555 0.054884 0.070399 0.056107 0.052986 0.040055 0.026354 0.048692 0.015482 0.018162 0.067859 0.086373 0.060445 0.076495 
0.041353 0.046859 0.052366 0.050707 0.029417 0.019506 0.034582 0.036006 0.012770 0.019586 0.057016 0.035793 0.021922 0.036515 0.032906 0.032155 0.060954 0.064291 0.061137 0.055558 0.070693 0.060095 0.061989 0.051723 0.031753 0.070836 0.098244 0.084987 0.056974 0.082519 0.094511 0.114882 0.118879 0.129572 0.180431 0.649602 0.000000 0.601631 0.091885 0.076339 0.049511 0.042834 0.092253 0.073811 0.103609 0.076732 0.079424 0.071080 0.078779 0.050576 0.044556 0.074930 0.022929 0.033462 0.085920 0.075481 0.050060 0.085975 
0.035249 0.039366 0.026735 0.041000 0.037504 0.035078 0.039605 0.035689 0.021219 0.029972 0.047809 0.037245 0.044830 0.049305 0.050735 0.052350 0.056150 0.058021 0.058058 0.069890 0.073130 0.082115 0.086969 0.065268 0.065664 0.055340 0.066497 0.064828 0.055130 0.072101 0.045921 0.057366 0.059304 0.060808 0.065118 0.089260 0.601631 0.000000 0.566208 0.277557 0.131053 0.104901 0.112423 0.043407 0.050508 0.057656 0.067682 0.070133 0.082690 0.076667 0.055851 0.081617 0.054557 0.055328 0.056423 0.038947 0.035663 0.053041 
0.027179 0.035341 0.027235 0.019388 0.047187 0.044593 0.035755 0.041257 0.022665 0.019574 0.034742 0.048011 0.058098 0.061722 0.067665 0.067196 0.050163 0.043201 0.050039 0.058697 0.044201 0.057245 0.071159 0.051295 0.058469 0.042424 0.031743 0.021849 0.041214 0.047433 0.038294 0.025506 0.044205 0.028964 0.036757 0.031010 0.091885 0.566208 0.000000 2.023726 0.236416 0.146219 0.085287 0.033898 0.018795 0.028256 0.048008 0.059273 0.042996 0.049252 0.051045 0.024582 0.027922 0.057204 0.023909 0.027249 0.028186 0.026611 
0.032187 0.033868 0.029684 0.040045 0.043506 0.040536 0.042313 0.037988 0.021055 0.023462 0.042899 0.045442 0.051581 0.065159 0.068407 0.072891 0.053916 0.047526 0.054095 0.054937 0.056197 0.067856 0.082361 0.059729 0.064445 0.041928 0.041851 0.044029 0.036641 0.030156 0.042318 0.032423 0.042714 0.028744 0.035531 0.041562 0.076339 0.277557 2.023726 0.000000 0.355382 0.173793 0.097910 0.047805 0.045547 0.045406 0.050988 0.055578 0.051552 0.067553 0.054231 0.053396 0.037578 0.042952 0.042433 0.032218 0.021814 0.046053 
0.034072 0.033492 0.029886 0.028830 0.055829 0.059621 0.051856 0.041275 0.037123 0.027405 0.046843 0.055014 0.074133 0.073840 0.082817 0.095367 0.057447 0.039954 0.051757 0.063780 0.059976 0.082128 0.089524 0.067406 0.067044 0.049998 0.038902 0.043550 0.049496 0.037026 0.035422 0.035304 0.037534 0.028567 0.032295 0.036619 0.049511 0.131053 0.236416 0.355382 0.000000 0.777062 0.141327 0.044591 0.047820 0.052228 0.054671 0.067737 0.060177 0.098924 0.082885 0.048634 0.042550 0.074745 0.038320 0.040232 0.029094 0.038245 
0.030714 0.030333 0.032652 0.031760 0.047147 0.057100 0.052123 0.043196 0.030397 0.033341 0.042041 0.046595 0.063221 0.063994 0.080877 0.092839 0.047608 0.042582 0.047530 0.054897 0.056501 0.067339 0.081025 0.061350 0.070735 0.040506 0.045319 0.031901 0.034581 0.029939 0.035174 0.028327 0.037873 0.031105 0.022329 0.032322 0.042834 0.104901 0.146219 0.173793 0.777062 0.000000 0.347849 0.075728 0.066708 0.059337 0.056845 0.063244 0.065591 0.115424 0.098329 0.061624 0.046891 0.095638 0.039565 0.032993 0.028413 0.037709 
0.041207 0.048979 0.036998 0.046590 0.035677 0.031081 0.039184 0.037499 0.022695 0.024277 0.055522 0.046810 0.030973 0.046546 0.047949 0.041230 0.059688 0.055760 0.058618 0.059565 0.068322 0.063867 0.062249 0.049931 0.040387 0.057164 0.061025 0.051883 0.048380 0.045511 0.044146 0.055366 0.049330 0.046509 0.049405 0.051686 0.092253 0.112423 0.085287 0.097910 0.141327 0.347849 0.000000 0.481893 0.279533 0.167749 0.129509 0.140692 0.122870 0.100522 0.075002 0.096303 0.042426 0.059674 0.076216 0.057003 0.047719 0.063003 
0.029463 0.021359 0.032736 0.033345 0.017395 0.014612 0.027467 0.027399 0.004774 0.012441 0.046459 0.020038 0.012834 0.031655 0.030188 0.019006 0.032246 0.044575 0.029526 0.033537 0.053531 0.031612 0.043650 0.027917 0.020961 0.032792 0.047618 0.036169 0.027778 0.032976 0.042304 0.031207 0.032328 0.028112 0.063048 0.047058 0.073811 0.043407 0.033898 0.047805 0.044591 0.075728 0.481893 0.000000 2.968545 0.383562 0.176069 0.150242 0.085097 0.070499 0.039331 0.057283 0.013517 0.040139 0.058358 0.063869 0.047714 0.056493 
0.050693 0.029557 0.045926 0.039708 0.025246 0.022197 0.039384 0.044853 0.008610 0.012949 0.081726 0.036119 0.017949 0.032919 0.040389 0.025547 0.060543 0.036652 0.032766 0.049093 0.057736 0.020901 0.043104 0.032156 0.029078 0.050265 0.065992 0.054338 0.030830 0.050164 0.065697 0.048613 0.069805 0.047852 0.062182 0.069555 0.103609 0.050508 0.018795 0.045547 0.047820 0.066708 0.279533 2.968545 0.000000 0.918556 0.274233 0.129276 0.138196 0.065629 0.046380 0.088211 0.013742 0.032931 0.089206 0.086136 0.071236 0.083184 
0.030567 0.043199 0.054708 0.042159 0.023316 0.016669 0.028248 0.028178 0.013606 0.017625 0.031955 0.021135 0.017655 0.028146 0.031561 0.024547 0.032428 0.040561 0.038268 0.037633 0.053849 0.024619 0.037903 0.027659 0.020927 0.060820 0.050929 0.044127 0.039167 0.058299 0.045834 0.054547 0.053822 0.042103 0.044229 0.054884 0.076732 0.057656 0.028256 0.045406 0.052228 0.059337 0.167749 0.383562 0.918556 0.000000 0.693520 0.273500 0.144145 0.079402 0.057739 0.089736 0.041979 0.036916 0.078400 0.064643 0.058631 0.073710 
0.034714 0.037364 0.044880 0.035127 0.020087 0.023010 0.028584 0.025977 0.020731 0.019561 0.051933 0.016312 0.031472 0.032823 0.032193 0.026064 0.045085 0.071366 0.052412 0.038874 0.056871 0.043945 0.039344 0.030223 0.019891 0.052291 0.048629 0.047507 0.038794 0.048973 0.049589 0.053397 0.056482 0.045429 0.063910 0.070399 0.079424 0.067682 0.048008 0.050988 0.054671 0.056845 0.129509 0.176069 0.274233 0.693520 0.000000 1.054941 0.216536 0.097293 0.065790 0.087413 0.047198 0.040200 0.086828 0.064918 0.072576 0.088667 
0.032117 0.045730 0.027934 0.034586 0.023817 0.023254 0.030727 0.029245 0.019239 0.015901 0.037771 0.033065 0.017911 0.036224 0.033242 0.032917 0.033674 0.040552 0.039943 0.049477 0.046029 0.042400 0.044755 0.030394 0.031391 0.034671 0.043906 0.045649 0.033214 0.037014 0.031150 0.042159 0.054765 0.045656 0.018582 0.056107 0.071080 0.070133 0.059273 0.055578 0.067737 0.063244 0.140692 0.150242 0.129276 0.273500 1.054941 0.000000 0.613014 0.158517 0.103700 0.096670 0.088083 0.101302 0.083923 0.068013 0.086701 0.081758 
0.032541 0.041230 0.031559 0.045746 0.029334 0.020563 0.033625 0.034894 0.017864 0.020047 0.040910 0.026937 0.020343 0.030327 0.030772 0.030314 0.044892 0.066616 0.045602 0.047885 0.047561 0.037811 0.041398 0.033513 0.029006 0.038269 0.044440 0.034160 0.030224 0.048456 0.044126 0.047591 0.054327 0.037340 0.052836 0.052986 0.078779 0.082690 0.042996 0.051552 0.060177 0.065591 0.122870 0.085097 0.138196 0.144145 0.216536 0.613014 0.000000 0.492547 0.171144 0.160079 0.112467 0.089502 0.125732 0.094613 0.080416 0.100990 
0.036215 0.030008 0.040529 0.044813 0.030149 0.028132 0.036059 0.028996 0.013803 0.016570 0.047053 0.036205 0.033217 0.035940 0.041724 0.043043 0.036687 0.036264 0.045092 0.043999 0.047480 0.044660 0.039909 0.031820 0.019212 0.040821 0.035683 0.038761 0.036999 0.028756 0.041815 0.032051 0.042491 0.036370 0.028952 0.040055 0.050576 0.076667 0.049252 0.067553 0.098924 0.115424 0.100522 0.070499 0.065629 0.079402 0.097293 0.158517 0.492547 0.000000 0.928188 0.139753 0.116608 0.142122 0.111616 0.067998 0.052919 0.082944 
0.024558 0.029035 0.029210 0.026423 0.022623 0.026395 0.027235 0.017867 0.014280 0.014054 0.029807 0.021996 0.034739 0.028730 0.030572 0.035168 0.030662 0.027845 0.025604 0.029813 0.032786 0.028454 0.032960 0.025144 0.018343 0.026621 0.027739 0.025259 0.027772 0.028985 0.024730 0.030534 0.034574 0.019970 0.034669 0.026354 0.044556 0.055851 0.051045 0.054231 0.082885 0.098329 0.075002 0.039331 0.046380 0.057739 0.065790 0.103700 0.171144 0.928188 0.000000 1.093127 0.253691 0.223854 0.126163 0.065933 0.060750 0.081102 
0.048705 0.041212 0.041053 0.059217 0.022001 0.030554 0.044231 0.022390 0.014836 0.013972 0.058449 0.025862 0.029593 0.025843 0.034234 0.023941 0.048422 0.036391 0.053071 0.051731 0.053327 0.050096 0.049802 0.039336 0.012029 0.060846 0.069112 0.046648 0.040506 0.060451 0.069542 0.040678 0.042267 0.048263 0.084882 0.048692 0.074930 0.081617 0.024582 0.053396 0.048634 0.061624 0.096303 0.057283 0.088211 0.089736 0.087413 0.096670 0.160079 0.139753 1.093127 0.000000 2.561554 0.531717 0.603766 0.221700 0.134222 0.186791 
0.018250 0.019585 0.009297 0.038334 0.014904 0.011544 0.011242 0.019007 0.007667 0.007469 0.015207 0.009232 0.012213 0.014150 0.017305 0.018579 0.020116 0.021686 0.010800 0.026873 0.025238 0.036719 0.017450 0.014360 0.011474 0.017630 0.018010 0.019496 0.019691 0.014584 0.010740 0.017372 0.024663 0.016803 0.021042 0.015482 0.022929 0.054557 0.027922 0.037578 0.042550 0.046891 0.042426 0.013517 0.013742 0.041979 0.047198 0.088083 0.112467 0.116608 0.253691 2.561554 0.000000 1.190458 0.242488 0.064596 0.085112 0.082652 
0.013930 0.020717 0.020768 0.022754 0.026554 0.017998 0.017379 0.012482 0.012822 0.013456 0.023653 0.020218 0.026617 0.023985 0.025344 0.033997 0.022268 0.027844 0.028108 0.030604 0.025109 0.026457 0.026522 0.020165 0.024889 0.013812 0.030959 0.018689 0.019771 0.013777 0.026288 0.033557 0.031689 0.013209 0.014813 0.018162 0.033462 0.055328 0.057204 0.042952 0.074745 0.095638 0.059674 0.040139 0.032931 0.036916 0.040200 0.101302 0.089502 0.142122 0.223854 0.531717 1.190458 0.000000 0.340145 0.081102 0.096095 0.076437 
0.048499 0.049212 0.052080 0.075614 0.025558 0.018921 0.041945 0.029445 0.015174 0.020345 0.055482 0.023313 0.023721 0.035952 0.031584 0.024458 0.049778 0.067525 0.041514 0.043042 0.063476 0.038156 0.046485 0.033036 0.015094 0.055791 0.071054 0.054771 0.035480 0.046130 0.062710 0.053381 0.064507 0.071021 0.035720 0.067859 0.085920 0.056423 0.023909 0.042433 0.038320 0.039565 0.076216 0.058358 0.089206 0.078400 0.086828 0.083923 0.125732 0.111616 0.126163 0.603766 0.242488 0.340145 0.000000 1.143302 0.200192 0.174717 
0.044852 0.047077 0.053908 0.075386 0.022373 0.019269 0.045698 0.021954 0.012764 0.026759 0.059296 0.022584 0.032090 0.029381 0.026963 0.024609 0.056236 0.046474 0.036567 0.053571 0.057979 0.030480 0.046307 0.034779 0.018096 0.067584 0.055082 0.067879 0.038761 0.049668 0.074849 0.047884 0.067119 0.074513 0.072091 0.086373 0.075481 0.038947 0.027249 0.032218 0.040232 0.032993 0.057003 0.063869 0.086136 0.064643 0.064918 0.068013 0.094613 0.067998 0.065933 0.221700 0.064596 0.081102 1.143302 0.000000 0.785575 0.274441 
0.033317 0.039301 0.052372 0.048952 0.016312 0.017510 0.025109 0.019714 0.014530 0.014654 0.038629 0.025267 0.016726 0.020319 0.021815 0.015945 0.039156 0.037948 0.038852 0.033483 0.031644 0.025573 0.030664 0.024525 0.019047 0.031793 0.048577 0.045339 0.025822 0.047524 0.045909 0.046025 0.050288 0.062438 0.035720 0.060445 0.050060 0.035663 0.028186 0.021814 0.029094 0.028413 0.047719 0.047714 0.071236 0.058631 0.072576 0.086701 0.080416 0.052919 0.060750 0.134222 0.085112 0.096095 0.200192 0.785575 0.000000 1.078528 
0.061818 0.067982 0.090434 0.073892 0.028001 0.026231 0.039168 0.050885 0.016645 0.025538 0.060813 0.027953 0.026418 0.034722 0.031779 0.036304 0.045470 0.068500 0.044725 0.049645 0.055067 0.047652 0.046411 0.048616 0.022604 0.045868 0.059251 0.061654 0.049641 0.048915 0.066881 0.072610 0.072166 0.070285 0.078388 0.076495 0.085975 0.053041 0.026611 0.046053 0.038245 0.037709 0.063003 0.056493 0.083184 0.073710 0.088667 0.081758 0.100990 0.082944 0.081102 0.186791 0.082652 0.076437 0.174717 0.274441 1.078528 0.000000 
